tensor([[   0,    0,    0,    0,    0,    0,    0,    0,    0,    0,    0,    0,
            0,    0,    0,    0,    0,    0,    0,    0,    0,    0,    0,    0,
            0,    0,    0,    0,    0,    0,    0,    0,    0,    0,    0,    0,
            0,    0,    0,    0,    0,    0,    0,    0,    0,    0,  511,  443,
          456, 1028],
        [   0,    0,    0,    0,    0,    0,    0,    0,    0,    0,    0,    0,
            0,    0,    0,    0,    0,    0,    0,    0,    0,    0,    0,    0,
            0,    0,    0,    0,    0,    0,    0,    0,    0,    0,    0,    0,
            0,    0,    0,    0,    0,    0,    0,    0,    0,    0,    0,    0,
          445,  458],
        [   0,    0,    0,    0,    0,    0,    0,    0,    0,    0,    0,    0,
            0,    0,    0,    0,    0,    0,    0,    0,    0,    0,    0,    0,
            0,    0,    0,    0,    0,    0,    0,    0,    0,    0,    0,    0,
            0,    0,    0,    0,  447,  533,  640, 1192, 1193, 1194, 1240, 1239,
         1237, 1238],
        [   0,    0,    0,    0,    0,    0,    0,    0,    0,    0,    0,    0,
            0,    0,    0,    0,    0,    0,    0,    0,    0,    0,    0,    0,
            0,    0,    0,    0,    0,    0,    0,    0,    0,    0,    0,    0,
            0,    0,    0,    0,    0,    0,  809,  665,  937, 1150,  450,  451,
          526,  552],
        [   0,    0,    0,    0,    0,    0,    0,    0,    0,    0,    0,    0,
            0,    0,    0,    0,    0,    0,    0,    0,    0,    0,    0,    0,
            0,    0,    0,    0,    0,    0,    0,    0,    0,    0,    0,    0,
            0,    0,    0,    0,    0,    0,    0,    0,    0,    0,    0, 1213,
          899,  451],
        [   0,    0,    0,    0,    0,    0,    0,    0,    0,    0,    0,    0,
            0,    0,    0,    0,    0,    0,    0,    0,    0,    0,    0,    0,
            0,    0,    0,    0,    0,    0,    0,    0,    0,    0,    0,    0,
            0,    0,    0,    0,    0,    0,    0,    0,    0,    0,  665,  552,
          565,  833],
        [   0,    0,    0,    0,    0,    0,    0,    0,    0,    0,    0,    0,
            0,    0,    0,    0,    0,    0,    0,    0,    0,    0,    0,    0,
            0,    0,    0,    0,    0,    0,    0,    0,    0,    0,    0,    0,
            0,    0,    0,    0,    0,    0,    0,    0,    0,  452,  696,  625,
         1197,  762],
        [   0,    0,    0,    0,    0,    0,    0,    0,    0,    0,    0,    0,
            0,    0,    0,    0,    0,    0,    0,    0,    0,    0,    0,    0,
            0,    0,    0,    0,    0,    0,    0,    0,    0,    0,    0,    0,
            0,    0,    0,    0,    0,    0,    0,    0,    0,    0,    0, 1251,
          487,  452],
        [   0,    0,    0,    0,    0,    0,    0,    0,    0,    0,    0,    0,
            0,    0,    0,    0,    0,    0,    0,    0,    0,    0,    0,    0,
            0,    0,    0,    0,    0,    0,    0,    0,    0,    0,    0,    0,
            0,    0,    0,    0,    0,    0,    0,    0,    0,    0,  552,  664,
          781,  455],
        [   0,    0,    0,    0,    0,    0,    0,    0,    0,    0,    0,    0,
            0,    0,    0,    0,    0,    0,    0,    0,    0,    0,    0,    0,
            0,    0,    0,    0,    0,    0,    0,    0,    0,    0,    0,    0,
            0,    0,    0,    0,    0,    0,    0,    0,  614,  606, 1132,  460,
          793,  778],
        [   0,    0,    0,    0,    0,    0,    0,    0,    0,    0,    0,    0,
            0,    0,    0,    0,    0,    0,    0,    0,    0,    0,    0,    0,
            0,    0,    0,    0,    0,    0,    0,    0,    0,    0,    0,    0,
            0,    0,    0,    0,    0,    0,    0,    0,    0,    0,    0,    0,
            0,  464],
        [   0,    0,    0,    0,    0,    0,    0,    0,    0,    0,    0,    0,
            0,    0,    0,    0,    0,    0,    0,    0,    0,    0,    0,    0,
            0,    0,    0,    0,    0,    0,    0,    0,    0,    0,    0,    0,
            0,    0,    0,    0,    0,    0,    0,    0,    0,    0,    0,    0,
          493, 1065],
        [   0,    0,    0,    0,    0,    0,    0,    0,    0,    0,    0,    0,
            0,    0,    0,    0,    0,    0,    0,    0,    0,    0,    0,    0,
            0,    0,    0,    0,    0,    0,    0,    0,    0,    0,    0,    0,
            0,    0,    0,    0,    0,    0,    0,    0,    0,    0,  476, 1097,
         1020,  576],
        [   0,    0,    0,    0,    0,    0,    0,    0,    0,    0,    0,    0,
            0,    0,    0,    0,    0,    0,    0,    0,    0,    0,    0,    0,
            0,    0,    0,    0,    0,    0,    0,    0,    0,    0,    0,    0,
            0,    0,    0,    0,    0,    0,    0,    0,    0,    0,    0,    0,
          480,  935],
        [   0,    0,    0,    0,    0,    0,    0,    0,    0,    0,    0,    0,
            0,    0,    0,    0,    0,    0,    0,    0,    0,    0,    0,    0,
            0,    0,    0,    0,    0,    0,    0,    0,    0,    0,    0,    0,
            0,    0,    0,    0,    0,    0,    0,    0,    0,    0,    0,    0,
          504,  481],
        [   0,    0,    0,    0,    0,    0,    0,    0,    0,    0,    0,    0,
            0,    0,    0,    0,    0,    0,    0,    0,    0,    0,    0,    0,
            0,    0,    0,    0,    0,    0,    0,    0,    0,    0,    0,    0,
            0,    0,    0,    0,    0,    0,    0,    0,    0,  488,  720,  773,
          952,  787],
        [   0,    0,    0,    0,    0,    0,    0,    0,    0,    0,    0,    0,
            0,    0,    0,    0,    0,    0,    0,    0,    0,    0,    0,    0,
            0,    0,    0,    0,    0,    0,    0,    0,    0,    0,    0,    0,
            0,    0,    0,    0,    0,    0,    0,    0,    0,    0,    0,    0,
            0,  593],
        [   0,    0,    0,    0,    0,    0,    0,    0,    0,    0,    0,    0,
            0,    0,    0,    0,    0,    0,    0,    0,    0,    0,    0,    0,
            0,    0,    0,    0,    0,    0,    0,    0,    0,    0,    0,    0,
            0,    0,    0,    0,    0,    0,    0,    0,    0,    0,  515,  492,
          531, 1049],
        [   0,    0,    0,    0,    0,    0,    0,    0,    0,    0,    0,    0,
            0,    0,    0,    0,    0,    0,    0,    0,    0,    0,    0,    0,
            0,    0,    0,    0,    0,    0,    0,    0,    0,    0,    0,    0,
            0,    0,    0,    0,    0,    0,    0,    0,    0,    0,  527,  502,
          584,  895],
        [   0,    0,    0,    0,    0,    0,    0,    0,    0,    0,    0,    0,
            0,    0,    0,    0,    0,    0,    0,    0,    0,    0,    0,    0,
            0,    0,    0,    0,    0,    0,    0,    0,    0,    0,    0,    0,
            0,    0,    0,    0,    0,    0,    0,    0,    0,  503,  699, 1133,
          705, 1074],
        [   0,    0,    0,    0,    0,    0,    0,    0,    0,    0,    0,    0,
            0,    0,    0,    0,    0,    0,    0,    0,    0,    0,    0,    0,
            0,    0,    0,    0,    0,    0,    0,    0,    0,    0,    0,    0,
            0,    0,    0,    0,    0,    0,    0,    0,    0,  514,  710,  777,
         1200,  799],
        [   0,    0,    0,    0,    0,    0,    0,    0,    0,    0,    0,    0,
            0,    0,    0,    0,    0,    0,    0,    0,    0,    0,    0,    0,
            0,    0,    0,    0,    0,    0,    0,    0,    0,    0,    0,    0,
            0,    0,    0,    0,    0,    0,    0,    0,    0,    0,    0,  594,
          561,  515],
        [   0,    0,    0,    0,    0,    0,    0,    0,    0,    0,    0,    0,
            0,    0,    0,    0,    0,    0,    0,    0,    0,    0,    0,    0,
            0,    0,    0,    0,    0,    0,    0,    0,    0,    0,    0,    0,
            0,    0,    0,    0,    0,    0,    0,    0,    0,    0, 1154,  525,
          562,  579],
        [   0,    0,    0,    0,    0,    0,    0,    0,    0,    0,    0,    0,
            0,    0,    0,    0,    0,    0,    0,    0,    0,    0,    0,    0,
            0,    0,    0,    0,    0,    0,    0,    0,    0,    0,    0,    0,
            0,    0,    0,    0,    0,    0,    0,    0,    0,  552,  665,  536,
         1146, 1056],
        [   0,    0,    0,    0,    0,    0,    0,    0,    0,    0,    0,    0,
            0,    0,    0,    0,    0,    0,    0,    0,    0,    0,    0,    0,
            0,    0,    0,    0,    0,    0,    0,    0,    0,    0,    0,    0,
            0,    0,    0,    0,    0,    0,    0,    0,    0,    0,    0,  992,
          537,  589],
        [   0,    0,    0,    0,    0,    0,    0,    0,    0,    0,    0,    0,
            0,    0,    0,    0,    0,    0,    0,    0,    0,    0,    0,    0,
            0,    0,    0,    0,    0,    0,    0,    0,    0,    0,    0,    0,
            0,    0,    0,    0,    0,    0,    0,    0,    0,  538,  538,  538,
          538,  538],
        [   0,    0,    0,    0,    0,    0,    0,    0,    0,    0,    0,    0,
            0,    0,    0,    0,    0,    0,    0,    0,    0,    0,    0,    0,
            0,    0,    0,    0,    0,    0,    0,    0,    0,    0,    0,    0,
            0,    0,    0,    0,    0,    0,    0,    0,  538, 1197, 1222,  786,
          794,  682],
        [   0,    0,    0,    0,    0,    0,    0,    0,    0,    0,    0,    0,
            0,    0,    0,    0,    0,    0,    0,    0,    0,    0,    0,    0,
            0,    0,    0,    0,    0,    0,    0,    0,    0,    0,    0,    0,
            0,    0,    0,    0,    0,    0,    0,    0,    0,  538,  538,  538,
          538,  538],
        [   0,    0,    0,    0,    0,    0,    0,    0,    0,    0,    0,    0,
            0,    0,    0,    0,    0,    0,    0,    0,    0,    0,    0,    0,
            0,    0,    0,    0,    0,    0,    0,    0,    0,    0,    0,    0,
            0,    0,    0,    0,    0,    0,    0,  538,  538,  538,  538,  538,
          538,  538],
        [   0,    0,    0,    0,    0,    0,    0,    0,    0,    0,    0,    0,
            0,    0,    0,    0,    0,    0,    0,    0,    0,    0,    0,    0,
            0,    0,    0,    0,    0,    0,    0,    0,    0,    0,    0,    0,
            0,    0,    0,    0,    0,    0,    0,    0,    0,    0,  538,  538,
          538,  538],
        [   0,    0,    0,    0,    0,    0,    0,    0,    0,    0,    0,    0,
            0,    0,    0,    0,    0,    0,    0,    0,    0,    0,    0,    0,
            0,    0,    0,    0,    0,    0,    0,    0,    0,    0,    0,    0,
            0,    0,    0,    0,    0,    0,    0,    0,    0,    0,    0,  858,
          859,  538],
        [   0,    0,    0,    0,    0,    0,    0,    0,    0,    0,    0,    0,
            0,    0,    0,    0,    0,    0,    0,    0,    0,    0,    0,    0,
            0,    0,    0,    0,    0,    0,    0,    0,    0,    0,    0,    0,
            0,    0,    0,    0,    0,    0,    0,    0,    0,    0, 1053, 1042,
          543,  581],
        [   0,    0,    0,    0,    0,    0,    0,    0,    0,    0,    0,    0,
            0,    0,    0,    0,    0,    0,    0,    0,    0,    0,    0,    0,
            0,    0,    0,    0,    0,    0,    0,    0,    0,    0,    0,    0,
            0,    0,    0,    0,    0,    0,    0,    0,    0,    0,  773, 1173,
          714,  546],
        [   0,    0,    0,    0,    0,    0,    0,    0,    0,    0,    0,    0,
            0,    0,    0,    0,    0,    0,    0,    0,    0,    0,    0,    0,
            0,    0,    0,    0,    0,    0,    0,    0,    0,    0,    0,    0,
            0,    0,    0,    0,    0,    0,    0,    0,    0,    0,  560,  546,
          666,  718],
        [   0,    0,    0,    0,    0,    0,    0,    0,    0,    0,    0,    0,
            0,    0,    0,    0,    0,    0,    0,    0,    0,    0,    0,    0,
            0,    0,    0,    0,    0,    0,    0,    0,    0,    0,    0,    0,
            0,    0,    0,    0,    0,    0,    0,    0,    0,  564,  594,  679,
          550,  645],
        [   0,    0,    0,    0,    0,    0,    0,    0,    0,    0,    0,    0,
            0,    0,    0,    0,    0,    0,    0,    0,    0,    0,    0,    0,
            0,    0,    0,    0,    0,    0,    0,    0,    0,    0,    0,    0,
            0,    0,    0,    0,    0,    0,    0,    0,    0,    0,  551,  767,
          195, 1064],
        [   0,    0,    0,    0,    0,    0,    0,    0,    0,    0,    0,    0,
            0,    0,    0,    0,    0,    0,    0,    0,    0,    0,    0,    0,
            0,    0,    0,    0,    0,    0,    0,    0,    0,    0,    0,    0,
            0,    0,    0,    0,    0,    0,    0,    0,    0,    0,  552,  948,
          440,  605],
        [   0,    0,    0,    0,    0,    0,    0,    0,    0,    0,    0,    0,
            0,    0,    0,    0,    0,    0,    0,    0,    0,    0,    0,    0,
            0,    0,    0,    0,    0,    0,    0,    0,    0,    0,    0,    0,
            0,    0,    0,    0,    0,    0,    0,    0,    0,    0,    0,  554,
          785, 1245],
        [   0,    0,    0,    0,    0,    0,    0,    0,    0,    0,    0,    0,
            0,    0,    0,    0,    0,    0,    0,    0,    0,    0,    0,    0,
            0,    0,    0,    0,    0,    0,    0,    0,    0,    0,    0,    0,
            0,    0,    0,    0,    0,    0,    0,    0,    0,    0,    0,  563,
          600,  981],
        [   0,    0,    0,    0,    0,    0,    0,    0,    0,    0,    0,    0,
            0,    0,    0,    0,    0,    0,    0,    0,    0,    0,    0,    0,
            0,    0,    0,    0,    0,    0,    0,    0,    0,    0,    0,    0,
            0,    0,    0,    0,    0,    0,    0,    0,    0,    0,    0,  735,
         1207, 1227],
        [   0,    0,    0,    0,    0,    0,    0,    0,    0,    0,    0,    0,
            0,    0,    0,    0,    0,    0,    0,    0,    0,    0,    0,    0,
            0,    0,    0,    0,    0,    0,    0,    0,    0,    0,    0,    0,
            0,    0,    0,    0,    0,    0,    0,    0,    0,  575, 1215,  700,
          775,  823],
        [   0,    0,    0,    0,    0,    0,    0,    0,    0,    0,    0,    0,
            0,    0,    0,    0,    0,    0,    0,    0,    0,    0,    0,    0,
            0,    0,    0,    0,    0,    0,    0,    0,    0,    0,    0,    0,
            0,    0,    0,    0,    0,    0,    0,    0,    0,    0,  128,  594,
          616,  710],
        [   0,    0,    0,    0,    0,    0,    0,    0,    0,    0,    0,    0,
            0,    0,    0,    0,    0,    0,    0,    0,    0,    0,    0,    0,
            0,    0,    0,    0,    0,    0,    0,    0,    0,    0,    0,    0,
            0,    0,    0,    0,    0,    0,    0,    0,  624,  594,  625, 1120,
         1113,  734],
        [   0,    0,    0,    0,    0,    0,    0,    0,    0,    0,    0,    0,
            0,    0,    0,    0,    0,    0,    0,    0,    0,    0,    0,    0,
            0,    0,    0,    0,    0,    0,    0,    0,    0,    0,    0,    0,
            0,    0,    0,    0,    0,    0,    0,    0,    0,    0,    0,  975,
          599,  608],
        [   0,    0,    0,    0,    0,    0,    0,    0,    0,    0,    0,    0,
            0,    0,    0,    0,    0,    0,    0,    0,    0,    0,    0,    0,
            0,    0,    0,    0,    0,    0,    0,    0,    0,    0,    0,    0,
            0,    0,    0,    0,    0,    0,    0,    0,    0,    0,    0,  601,
          617, 1030],
        [   0,    0,    0,    0,    0,    0,    0,    0,    0,    0,    0,    0,
            0,    0,    0,    0,    0,    0,    0,    0,    0,    0,    0,    0,
            0,    0,    0,    0,    0,    0,    0,    0,    0,    0,    0,    0,
            0,    0,    0,    0,    0,    0,    0,    0,    0,    0,    0,  967,
          610,  730],
        [   0,    0,    0,    0,    0,    0,    0,    0,    0,    0,    0,    0,
            0,    0,    0,    0,    0,    0,    0,    0,    0,    0,    0,    0,
            0,    0,    0,    0,    0,    0,    0,    0,    0,    0,    0,    0,
            0,    0,    0,    0,    0,    0,    0,    0,    0,    0,    0,  645,
          826,  612],
        [   0,    0,    0,    0,    0,    0,    0,    0,    0,    0,    0,    0,
            0,    0,    0,    0,    0,    0,    0,    0,    0,    0,    0,    0,
            0,    0,    0,    0,    0,    0,    0,    0,    0,    0,    0,    0,
            0,    0,    0,    0,    0,    0,    0,    0,  616,  648, 1196,  734,
          778,  825],
        [   0,    0,    0,    0,    0,    0,    0,    0,    0,    0,    0,    0,
            0,    0,    0,    0,    0,    0,    0,    0,    0,    0,    0,    0,
            0,    0,    0,    0,    0,    0,    0,    0,    0,    0,    0,    0,
            0,    0,    0,    0,    0,    0,    0,    0,    0,    0,  633,  754,
          619, 1139],
        [   0,    0,    0,    0,    0,    0,    0,    0,    0,    0,    0,    0,
            0,    0,    0,    0,    0,    0,    0,    0,    0,    0,    0,    0,
            0,    0,    0,    0,    0,    0,    0,    0,    0,    0,    0,    0,
            0,    0,    0,    0,    0,  634, 1171,  619, 1162, 1206,  770, 1167,
          678,  692],
        [   0,    0,    0,    0,    0,    0,    0,    0,    0,    0,    0,    0,
            0,    0,    0,    0,    0,    0,    0,    0,    0,    0,    0,    0,
            0,    0,    0,    0,    0,    0,    0,    0,    0,    0,    0,    0,
            0,    0,    0,    0,    0,    0,    0,    0,    0,    0,    0,    0,
            0,  619],
        [   0,    0,    0,    0,    0,    0,    0,    0,    0,    0,    0,    0,
            0,    0,    0,    0,    0,    0,    0,    0,    0,    0,    0,    0,
            0,    0,    0,    0,    0,    0,    0,    0,    0,    0,    0,    0,
            0,    0,    0,    0,    0,    0,    0,    0,    0,    0,    0,  619,
         1093,  627],
        [   0,    0,    0,    0,    0,    0,    0,    0,    0,    0,    0,    0,
            0,    0,    0,    0,    0,    0,    0,    0,    0,    0,    0,    0,
            0,    0,    0,    0,    0,    0,    0,    0,    0,    0,    0,    0,
            0,    0,    0,    0,    0,    0,    0,    0,    0,    0,    0,  869,
          634, 1136],
        [   0,    0,    0,    0,    0,    0,    0,    0,    0,    0,    0,    0,
            0,    0,    0,    0,    0,    0,    0,    0,    0,    0,    0,    0,
            0,    0,    0,    0,    0,    0,    0,    0,    0,    0,    0,    0,
            0,    0,    0,    0,    0,    0,    0,    0,    0,    0,    0,  637,
         1127,  634],
        [   0,    0,    0,    0,    0,    0,    0,    0,    0,    0,    0,    0,
            0,    0,    0,    0,    0,    0,    0,    0,    0,    0,    0,    0,
            0,    0,    0,    0,    0,    0,    0,    0,    0,    0,    0,    0,
            0,    0,    0,    0,    0,    0,    0,    0,    0,    0,  809,  635,
          750,  703],
        [   0,    0,    0,    0,    0,    0,    0,    0,    0,    0,    0,    0,
            0,    0,    0,    0,    0,    0,    0,    0,    0,    0,    0,    0,
            0,    0,    0,    0,    0,    0,    0,    0,    0,    0,    0,    0,
            0,    0,    0,    0,    0,    0,    0,    0,    0,    0,    0,  635,
          816, 1252],
        [   0,    0,    0,    0,    0,    0,    0,    0,    0,    0,    0,    0,
            0,    0,    0,    0,    0,    0,    0,    0,    0,    0,    0,    0,
            0,    0,    0,    0,    0,    0,    0,    0,    0,    0,    0,    0,
            0,    0,    0,    0,    0,    0,    0,    0,    0,    0,    0,    0,
          636,  828],
        [   0,    0,    0,    0,    0,    0,    0,    0,    0,    0,    0,    0,
            0,    0,    0,    0,    0,    0,    0,    0,    0,    0,    0,    0,
            0,    0,    0,    0,    0,    0,    0,    0,    0,    0,    0,    0,
            0,    0,    0,    0,    0,    0,    0,    0,    0,    0,  645,  743,
          803,  820],
        [   0,    0,    0,    0,    0,    0,    0,    0,    0,    0,    0,    0,
            0,    0,    0,    0,    0,    0,    0,    0,    0,    0,    0,    0,
            0,    0,    0,    0,    0,    0,    0,    0,    0,    0,    0,    0,
            0,    0,    0,    0,    0,    0,    0,    0,    0,    0,    0,  766,
          650,  754],
        [   0,    0,    0,    0,    0,    0,    0,    0,    0,    0,    0,    0,
            0,    0,    0,    0,    0,    0,    0,    0,    0,    0,    0,    0,
            0,    0,    0,    0,    0,    0,    0,    0,    0,    0,    0,    0,
            0,    0,    0,    0,    0,    0,    0,    0,    0,    0,    0,    0,
          772, 1198],
        [   0,    0,    0,    0,    0,    0,    0,    0,    0,    0,    0,    0,
            0,    0,    0,    0,    0,    0,    0,    0,    0,    0,    0,    0,
            0,    0,    0,    0,    0,    0,    0,    0,    0,    0,    0,    0,
            0,    0,    0,    0,    0,    0,    0,    0,    0, 1110, 1078,  665,
         1062, 1255],
        [   0,    0,    0,    0,    0,    0,    0,    0,    0,    0,    0,    0,
            0,    0,    0,    0,    0,    0,    0,    0,    0,    0,    0,    0,
            0,    0,    0,    0,    0,    0,    0,    0,    0,    0,    0,    0,
            0,    0,    0,    0,    0,    0,    0,    0,    0,    0,    0, 1253,
         1190, 1243],
        [   0,    0,    0,    0,    0,    0,    0,    0,    0,    0,    0,    0,
            0,    0,    0,    0,    0,    0,    0,    0,    0,    0,    0,    0,
            0,    0,    0,    0,    0,    0,    0,    0,    0,    0,    0,    0,
            0,    0,    0,    0,    0,    0,    0,    0,    0,    0, 1165,  680,
         1164,  716],
        [   0,    0,    0,    0,    0,    0,    0,    0,    0,    0,    0,    0,
            0,    0,    0,    0,    0,    0,    0,    0,    0,    0,    0,    0,
            0,    0,    0,    0,    0,    0,    0,    0,    0,    0,    0,    0,
            0,    0,    0,    0,    0,    0,    0,    0,    0,    0,  903, 1090,
          808,  681],
        [   0,    0,    0,    0,    0,    0,    0,    0,    0,    0,    0,    0,
            0,    0,    0,    0,    0,    0,    0,    0,    0,    0,    0,    0,
            0,    0,    0,    0,    0,    0,    0,    0,    0,    0,    0,    0,
            0,    0,    0,    0,    0,    0,    0,    0,    0,    0,    0,    0,
         1232,  819],
        [   0,    0,    0,    0,    0,    0,    0,    0,    0,    0,    0,    0,
            0,    0,    0,    0,    0,    0,    0,    0,    0,    0,    0,    0,
            0,    0,    0,    0,    0,    0,    0,    0,    0,    0,    0,    0,
            0,    0,    0,    0,    0,    0,    0,    0,    0,    0,  732,  502,
          705,  904],
        [   0,    0,    0,    0,    0,    0,    0,    0,    0,    0,    0,    0,
            0,    0,    0,    0,    0,    0,    0,    0,    0,    0,    0,    0,
            0,    0,    0,    0,    0,    0,    0,    0,    0,    0,    0,    0,
            0,    0,    0,    0,    0,    0,    0,    0,    0,    0, 1043, 1050,
         1033,  733],
        [   0,    0,    0,    0,    0,    0,    0,    0,    0,    0,    0,    0,
            0,    0,    0,    0,    0,    0,    0,    0,    0,    0,    0,    0,
            0,    0,    0,    0,    0,    0,    0,    0,    0,    0,    0,    0,
            0,    0,    0,    0,    0,    0,    0,    0,    0, 1226, 1227, 1228,
          735, 1207],
        [   0,    0,    0,    0,    0,    0,    0,    0,    0,    0,    0,    0,
            0,    0,    0,    0,    0,    0,    0,    0,    0,    0,    0,    0,
            0,    0,    0,    0,    0,    0,    0,    0,    0,    0,    0,    0,
            0,    0,    0,    0,    0,    0,    0,    0,    0,    0,    0,  943,
          946, 1203],
        [   0,    0,    0,    0,    0,    0,    0,    0,    0,    0,    0,    0,
            0,    0,    0,    0,    0,    0,    0,    0,    0,    0,    0,    0,
            0,    0,    0,    0,    0,    0,    0,    0,    0,    0,    0,    0,
            0,    0,    0,    0,    0,    0,    0,    0,    0,    0,  739,  943,
          944,  946],
        [   0,    0,    0,    0,    0,    0,    0,    0,    0,    0,    0,    0,
            0,    0,    0,    0,    0,    0,    0,    0,    0,    0,    0,    0,
            0,    0,    0,    0,    0,    0,    0,    0,    0,    0,    0,    0,
            0,    0,    0,    0,    0,    0,    0,    0,    0,    0,  744, 1006,
          482, 1216],
        [   0,    0,    0,    0,    0,    0,    0,    0,    0,    0,    0,    0,
            0,    0,    0,    0,    0,    0,    0,    0,    0,    0,    0,    0,
            0,    0,    0,    0,    0,    0,    0,    0,    0,    0,    0,    0,
            0,    0,    0,    0,    0,    0,    0,    0,    0,    0,    0, 1052,
          916,  991],
        [   0,    0,    0,    0,    0,    0,    0,    0,    0,    0,    0,    0,
            0,    0,    0,    0,    0,    0,    0,    0,    0,    0,    0,    0,
            0,    0,    0,    0,    0,    0,    0,    0,    0,    0,    0,    0,
            0,    0,    0,    0,    0,    0,    0,    0,    0,    0,    0,  837,
          763,  763],
        [   0,    0,    0,    0,    0,    0,    0,    0,    0,    0,    0,    0,
            0,    0,    0,    0,    0,    0,    0,    0,    0,    0,    0,    0,
            0,    0,    0,    0,    0,    0,    0,    0,    0,    0,    0,    0,
            0,    0,    0,    0,    0,    0,    0,    0,    0,    0,  812, 1219,
         1148,  766],
        [   0,    0,    0,    0,    0,    0,    0,    0,    0,    0,    0,    0,
            0,    0,    0,    0,    0,    0,    0,    0,    0,    0,    0,    0,
            0,    0,    0,    0,    0,    0,    0,    0,    0,    0,    0,    0,
            0,    0,    0,    0,    0,    0,    0,    0,    0,    0,    0,  887,
          989,  766],
        [   0,    0,    0,    0,    0,    0,    0,    0,    0,    0,    0,    0,
            0,    0,    0,    0,    0,    0,    0,    0,    0,    0,    0,    0,
            0,    0,    0,    0,    0,    0,    0,    0,    0,    0,    0,    0,
            0,    0,    0,    0,    0,    0,    0,    0,    0,    0,    0,    0,
            0,    0],
        [   0,    0,    0,    0,    0,    0,    0,    0,    0,    0,    0,    0,
            0,    0,    0,    0,    0,    0,    0,    0,    0,    0,    0,    0,
            0,    0,    0,    0,    0,    0,    0,    0,    0,    0,    0,    0,
            0,    0,    0,    0,    0,    0,    0,    0,    0,    0,    0,  778,
          714,  462],
        [   0,    0,    0,    0,    0,    0,    0,    0,    0,    0,    0,    0,
            0,    0,    0,    0,    0,    0,    0,    0,    0,    0,    0,    0,
            0,    0,    0,    0,    0,    0,    0,    0,    0,    0,    0,    0,
            0,    0,    0,    0,  784,  784,  784,  784,  784,  784,  784,  784,
          784,  784],
        [   0,    0,    0,    0,    0,    0,    0,    0,    0,    0,    0,    0,
            0,    0,    0,    0,    0,    0,    0,    0,    0,    0,    0,    0,
            0,    0,    0,    0,    0,    0,    0,    0,    0,    0,    0,    0,
            0,    0,    0,    0,    0,  784,  784,  784,  784,  784,  784,  784,
          784,  784],
        [   0,    0,    0,    0,    0,    0,    0,    0,    0,    0,    0,    0,
            0,    0,    0,    0,    0,    0,    0,    0,    0,    0,    0,    0,
            0,    0,    0,    0,    0,    0,    0,    0,    0,    0,    0,    0,
            0,    0,    0,    0,    0,    0,    0,    0,    0,    0,    0,    0,
            0,  792],
        [   0,    0,    0,    0,    0,    0,    0,    0,    0,    0,    0,    0,
            0,    0,    0,    0,    0,    0,    0,    0,    0,    0,    0,    0,
            0,    0,    0,    0,    0,    0,    0,    0,    0,    0,    0,    0,
            0,    0,    0,    0,    0,    0,    0,    0,    0,    0,    0,    0,
            0,  792],
        [   0,    0,    0,    0,    0,    0,    0,    0,    0,    0,    0,    0,
            0,    0,    0,    0,    0,    0,    0,    0,    0,    0,    0,    0,
            0,    0,    0,    0,    0,    0,    0,    0,    0,    0,    0,    0,
            0,    0,    0,    0,    0,    0,    0,    0,    0,  811, 1182, 1184,
         1187, 1189],
        [   0,    0,    0,    0,    0,    0,    0,    0,    0,    0,    0,    0,
            0,    0,    0,    0,    0,    0,    0,    0,    0,    0,    0,    0,
            0,    0,    0,    0,    0,    0,    0,    0,    0,    0,    0,    0,
            0,    0,    0,    0,    0,    0,    0,    0,    0,    0,    0,    0,
          870,  915],
        [   0,    0,    0,    0,    0,    0,    0,    0,    0,    0,    0,    0,
            0,    0,    0,    0,    0,    0,    0,    0,    0,    0,    0,    0,
            0,    0,    0,    0,    0,    0,    0,    0,    0,    0,    0,    0,
            0,    0,    0,    0,    0,    0,    0,    0,    0,    0,    0,    0,
            0,  927],
        [   0,    0,    0,    0,    0,    0,    0,    0,    0,    0,    0,    0,
            0,    0,    0,    0,    0,    0,    0,    0,    0,    0,    0,    0,
            0,    0,    0,    0,    0,    0,    0,    0,    0,    0,    0,    0,
            0,    0,    0,    0,    0,    0,    0,    0,    0,    0,    0,    0,
            0,  963],
        [   0,    0,    0,    0,    0,    0,    0,    0,    0,    0,    0,    0,
            0,    0,    0,    0,    0,    0,    0,    0,    0,    0,    0,    0,
            0,    0,    0,    0,    0,    0,    0,    0,    0,    0,    0,    0,
            0,    0,    0,    0,    0,    0,    0,    0,    0,    0,    0,    0,
            0,    0],
        [   0,    0,    0,    0,    0,    0,    0,    0,    0,    0,    0,    0,
            0,    0,    0,    0,    0,    0,    0,    0,    0,    0,    0,    0,
            0,    0,    0,    0,    0,    0,    0,    0,    0,    0,    0,    0,
            0,    0,    0,    0,    0,    0,    0,    0,    0,    0,    0,    0,
            0,    0],
        [   0,    0,    0,    0,    0,    0,    0,    0,    0,    0,    0,    0,
            0,    0,    0,    0,    0,    0,    0,    0,    0,    0,    0,    0,
            0,    0,    0,    0,    0,    0,    0,    0,    0,    0,    0,    0,
            0,    0,    0,    0,    0,    0,    0,    0,    0,    0,    0,    0,
            0,    0],
        [   0,    0,    0,    0,    0,    0,    0,    0,    0,    0,    0,    0,
            0,    0,    0,    0,    0,    0,    0,    0,    0,    0,    0,    0,
            0,    0,    0,    0,    0,    0,    0,    0,    0,    0,    0,    0,
            0,    0,    0,    0,    0,    0,    0,    0,    0,    0,    0,    0,
         1059, 1192],
        [   0,    0,    0,    0,    0,    0,    0,    0,    0,    0,    0,    0,
            0,    0,    0,    0,    0,    0,    0,    0,    0,    0,    0,    0,
            0,    0,    0,    0,    0,    0,    0,    0,    0,    0,    0,    0,
            0,    0,    0,    0,    0,    0,    0,    0,    0,    0,    0,    0,
            0,    0],
        [   0,    0,    0,    0,    0,    0,    0,    0,    0,    0,    0,    0,
            0,    0,    0,    0,    0,    0,    0,    0,    0,    0,    0,    0,
            0,    0,    0,    0,    0,    0,    0,    0,    0,    0,    0,    0,
            0,    0,    0,    0,    0,    0,    0,    0,    0,    0,    0,    0,
         1204, 1211],
        [   0,    0,    0,    0,    0,    0,    0,    0,    0,    0,    0,    0,
            0,    0,    0,    0,    0,    0,    0,    0,    0,    0,    0,    0,
            0,    0,    0,    0,    0,    0,    0,    0,    0,    0,    0,    0,
            0,    0,    0,    0,    0,    0,    0,    0,    0,    0,    0,    0,
            0,    0],
        [   0,    0,    0,    0,    0,    0,    0,    0,    0,    0,    0,    0,
            0,    0,    0,    0,    0,    0,    0,    0,    0,    0,    0,    0,
            0,    0,    0,    0,    0,    0,    0,    0,    0,    0,    0,    0,
            0,    0,    0,    0,    0,    0,    0,    0,    0,    0,    0, 1162,
         1166, 1168],
        [   0,    0,    0,    0,    0,    0,    0,    0,    0,    0,    0,    0,
            0,    0,    0,    0,    0,    0,    0,    0,    0,    0,    0,    0,
            0,    0,    0,    0,    0,    0,    0,    0,    0,    0,    0,    0,
            0,    0,    0,    0,    0,    0,    0,    0,    0,    0,    0,    0,
            0,  690],
        [   0,    0,    0,    0,    0,    0,    0,    0,    0,    0,    0,    0,
            0,    0,    0,    0,    0,    0,    0,    0,    0,    0,    0,    0,
            0,    0,    0,    0,    0,    0,    0,    0,    0,    0,    0,    0,
            0,    0,    0,    0,    0,    0,    0,    0,    0,    0, 1237, 1238,
         1239, 1240]], device='cuda:0')