1 157 741 1 180 538
2 357 100 319 1 180
3 471 358 443 456 463 1025 320 510 1
4 1 506 1114 489
5 1 279 316 397 1105 605 451 539
6 163 161 1 439 482 1088 262
7 652 338 338 82 332 331 1 347 433 1113 604 759 817 157 741 538 115 115
8 2 13 54 55 67 324
9 90 88 2 538 327
10 65 314 357 1103 3
11 724 3 211 118 118
12 192 344 347 411 3 174 708
13 193 101 39 3 6 59
14 147 3 123 123 307 701
15 6 6 59 59 298 4
16 131 131 180 5 1191
17 123 123 701 6 59
18 33 6 220 162 49
19 212 875 207 6 59 152
20 6 59 123 123 701
21 6 59 123 123 701
22 153 40 153 6 59
23 123 123 701 6 59
24 6 59 263 490 538 327
25 753 960 717 7 1176
26 161 161 214 323 347 969 7 408 1170 247 157 741 154 538 538 194 538
27 931 7 596 864
28 7 93 145 293 538 115 115
29 8 16 26 8 26 38 861 64
30 8 268 401 490 486 799 799
31 9 841 842 843 144
32 10 123 123 701 145
33 10 538 538 175
34 32 32 26 11 780 777 35 118 118
35 12 121 121 178 897
36 12 121 121 178
37 12 76 121 121 178 76
38 12 98 121 121 178
39 12 98 121 121 178
40 12 98 121 121 178
41 12 98 121 121 178
42 12 98 121 121 178
43 12 98 121 121 178
44 12 98 121 121 178
45 12 98 121 121 178
46 12 98 121 121 178
47 12 98 121 121 178
48 12 98 121 121 178
49 12 98 121 121 178
50 12 98 121 121 178 1081
51 12 98 121 121 178
52 12 98 98 121 121 121 121 178 41 58
53 12 98 121 121 178
54 12 98 121 121 178
55 12 98 121 121 178
56 12 98 121 121 178
57 12 98 121 121 178
58 12 98 121 121 178
59 12 98 121 121 178
60 12 98 121 121 178
61 12 98 121 121 178
62 12 98 121 121 178
63 12 98 121 121 178
64 12 98 121 121 178
65 12 98 121 121 178
66 12 98 121 121 178
67 12 98 121 121 178 1181
68 12 98 121 121 178
69 12 98 121 121 178
70 12 98 121 121 178
71 12 98 121 121 178
72 12 98 121 121 178
73 12 98 121 121 178
74 12 98 121 121 178
75 12 98 121 121 178 392
76 12 98 121 121 178
77 12 98 121 121 178
78 12 98 121 121 178
79 12 98 121 121 178
80 12 98 121 121 178
81 12 98 121 121 178 1134
82 12 98 121 121 178
83 12 98 121 121 178 392
84 12 98 121 121 178
85 12 98 121 121 178 938
86 12 98 121 121 178
87 12 98 121 121 178
88 12 98 121 121 178
89 12 98 121 121 178
90 12 98 121 121 178 938
91 12 98 121 121 178
92 12 98 121 121 178
93 12 98 121 121 178
94 12 98 121 121 178
95 12 98 121 121 178
96 12 98 121 121 178
97 788 12 98 121 121 178
98 12 98 121 121 178 1080
99 12 98 121 121 178
100 12 98 121 121 178
101 12 98 121 121 178 1008
102 12 98 121 121 178
103 12 98 121 121 178 500
104 12 98 121 121 178 1134
105 12 98 121 121 178 1181
106 12 98 121 121 178 1047
107 12 98 121 121 178 227
108 12 98 121 121 178
109 12 98 121 121 178 1080
110 12 98 121 121 178 1181 926
111 12 98 121 121 178
112 12 98 121 121 178
113 12 98 121 121 178
114 12 98 121 121 178 1047
115 12 98 121 121 178 1134
116 12 98 121 121 178 392
117 12 98 121 121 178
118 12 98 121 121 178
119 12 98 121 121 178
120 12 98 121 121 178 1047
121 12 98 121 121 178
122 12 98 121 121 178
123 12 98 121 121 178 538
124 12 98 121 121 178
125 12 98 121 121 178
126 12 98 121 121 178
127 12 98 121 121 178
128 12 98 121 121 178 1081
129 12 98 121 121 178
130 12 98 121 121 178
131 12 98 121 121 178 681
132 12 98 121 121 178
133 12 98 121 121 178
134 12 98 121 121 178
135 12 98 121 121 178 1080
136 12 98 121 121 178
137 12 98 121 121 178
138 12 98 121 121 178
139 12 98 121 121 178 900
140 12 98 121 121 178
141 12 98 121 121 178 1047
142 12 98 121 121 178
143 12 98 121 121 178
144 12 98 121 121 178
145 12 98 121 121 178
146 12 98 121 121 178 1047
147 12 98 121 121 178 1135
148 12 98 121 121 178
149 12 98 121 121 178
150 12 98 121 121 178 1178
151 853 12 98 121 121 178
152 1061 793 12 98 121 121 178 807
153 12 98 121 121 178
154 12 98 121 121 178
155 12 98 119 121 119 121 178
156 12 98 121 121 178
157 12 98 121 121 178
158 12 98 121 121 178
159 12 98 121 121 178
160 12 98 121 121 178 1047
161 12 98 121 121 178
162 12 98 121 121 178
163 12 98 121 121 178 1075
164 12 98 121 121 178 500
165 12 98 121 121 178 1181
166 12 98 121 121 178
167 12 98 121 121 178 392
168 12 98 121 121 178
169 12 98 121 121 178
170 12 98 121 121 178
171 12 98 121 121 178
172 12 98 121 121 178
173 449 12 98 121 121 178 538 115 115
174 12 98 121 121 178
175 12 98 121 121 178
176 12 98 121 121 178
177 12 98 121 121 178
178 12 98 121 121 178
179 12 98 121 121 178
180 12 98 121 121 178 385 500
181 12 98 121 121 178 392
182 12 98 121 121 178
183 12 98 121 121 178 900
184 12 98 121 121 178
185 12 98 121 121 178 1047
186 12 98 121 121 178 1047
187 12 98 121 121 178 900
188 12 98 121 121 178 500
189 12 98 121 121 178 897
190 12 98 121 121 178 392
191 12 98 121 121 178 1181
192 12 98 121 121 178 298
193 12 98 121 121 178
194 12 98 121 121 178
195 12 98 121 121 178
196 12 98 121 121 178
197 12 98 121 121 178
198 12 98 121 121 178 392
199 12 98 121 121 178
200 12 98 121 121 178 392
201 265 12 98 121 121 178 500
202 12 98 121 121 178
203 12 98 121 121 178
204 12 98 121 121 178
205 12 98 121 121 178 1134
206 12 98 121 121 178
207 12 98 121 121 178 500
208 12 98 121 121 178 500
209 12 98 121 121 178 1181
210 12 98 121 121 178
211 12 98 121 121 178 500
212 12 98 121 121 178 932
213 12 98 121 121 178
214 12 98 121 121 178
215 12 98 121 121 178
216 12 98 121 121 178
217 12 98 121 121 178 938
218 12 98 121 121 178 1047
219 12 98 121 121 178
220 12 98 121 121 178 500
221 12 98 121 121 178 900
222 12 98 121 121 178
223 12 98 121 121 178
224 12 98 121 121 178
225 12 98 121 121 178
226 12 98 121 121 178 500
227 12 98 121 121 178
228 12 98 121 121 178
229 12 98 121 121 178
230 12 98 121 121 178
231 12 98 121 121 178
232 12 98 121 121 178
233 12 98 121 121 178
234 12 98 121 121 178
235 12 98 121 121 178 1178
236 12 98 121 121 178 1178
237 12 98 121 121 178 923
238 12 98 121 121 178 500
239 12 98 121 121 178 500
240 12 98 121 121 178 1075
241 12 98 121 121 178
242 262 12 98 121 121 178
243 12 98 121 121 178 500
244 12 98 121 121 178
245 12 98 121 121 178
246 12 98 121 121 178 1081
247 12 98 121 121 178 986
248 12 98 121 121 178
249 12 98 121 121 178
250 12 98 121 121 178
251 12 98 121 121 178
252 12 98 121 121 178
253 12 98 121 121 178
254 12 98 121 121 178 507
255 12 98 121 121 178
256 12 98 121 121 178
257 12 98 121 121 178
258 12 98 121 121 178 500
259 12 98 121 121 178 500
260 12 98 121 121 178
261 12 98 121 121 178 500
262 12 98 121 121 178 500
263 12 98 121 121 178 900
264 12 98 121 121 178 1178
265 12 98 121 121 178 1081
266 12 98 121 121 178 788
267 12 98 121 121 178
268 12 98 121 121 178
269 12 98 121 121 178
270 12 98 121 121 178 500
271 12 98 121 121 178
272 12 98 121 121 178 500
273 12 98 121 121 178
274 12 98 121 121 178
275 12 98 121 121 178
276 12 98 121 121 178 1081
277 12 98 121 121 178
278 12 98 121 121 178 1081
279 12 98 121 121 178
280 12 98 121 121 178
281 12 98 121 130 121 130
282 12 98 121 121 178
283 12 98 121 121 178 500
284 12 98 121 121 178
285 12 98 121 121 178
286 12 98 121 121 178
287 12 98 121 121 178
288 12 98 121 121 178
289 12 98 121 121 178 932
290 12 98 121 121 178
291 12 98 121 121 178 500
292 12 98 121 121 178
293 12 98 121 121 178
294 12 98 121 121 178 1178
295 12 98 121 121 178 923
296 12 98 121 121 178
297 12 98 121 121 178
298 12 98 121 121 178
299 12 98 121 121 178
300 12 98 121 121 178 900
301 12 98 121 121 178
302 12 98 121 121 178
303 12 98 121 121 178
304 12 98 121 121 178
305 353 12 98 121 121 178
306 12 98 121 121 178
307 398 12 98 121 121 178 392
308 12 98 121 121 178
309 12 98 121 121 178
310 12 98 121 121 178 392
311 12 98 121 121 178
312 12 98 121 121 178
313 12 98 121 121 178 1008
314 12 98 121 121 178 392
315 12 98 121 121 178
316 12 98 121 121 178
317 12 98 121 121
318 12 98 121 121 178
319 12 98 121 121 178
320 12 98 121 121 178 1080
321 12 98 121 121 178
322 12 98 121 121 178
323 12 98 121 121 178 1008
324 12 98 121 121 178
325 12 98 121 121 178
326 12 98 121 121 178
327 12 98 121 121 178
328 12 98 121 121 178 938
329 12 98 121 121 178
330 12 98 121 121 178
331 12 98 121 121 178
332 12 98 121 121 178
333 12 98 121 121 178 938
334 12 98 121 121 178
335 12 98 121 121 178
336 12 98 121 121 178 1080
337 12 98 121 121 178
338 12 98 121 121 178
339 12 98 121 121 178
340 12 98 121 121 178
341 12 98 121 121 178
342 12 98 121 121 178
343 12 98 121 121 178
344 12 98 121 121 178
345 12 98 121 121 178
346 12 98 121 121 178 500
347 12 98 121 121 178
348 12 98 121 121 178
349 12 98 121 121 178
350 12 98 121 121 178
351 12 98 121 121 178
352 549 12 98 121 121 178 923 611
353 12 98 121 121 178 1008
354 12 98 121 121 178
355 12 98 121 121 178
356 12 98 121 121 178
357 12 98 121 121 178
358 12 98 121 121 178 1047 477
359 12 98 121 121 178
360 12 98 121 121 178
361 12 98 121 121 178
362 12 98 121 121 178
363 12 98 121 121 178
364 12 98 121 121 178 392
365 12 98 121 121 178
366 12 98 121 121 178
367 12 98 121 121 178
368 12 98 121 121 178
369 12 98 121 121 178
370 12 178 905 906 475
371 12 98 121 121 178 1008
372 12 98 121 121 178
373 12 98 121 121 178
374 12 98 121 121 178
375 12 98 121 121 178 1075
376 12 98 121 121 178
377 12 98 121 121 178 1075
378 12 98 121 121 178
379 12 98 121 121 178
380 12 98 121 121 178
381 12 98 121 121 178 1075 319
382 12 98 121 121 178
383 953 12 98 121 121 178
384 12 98 121 121 178 932
385 12 98 121 121 178 618 724
386 12 98 121 121
387 12 98 121 121 178
388 12 98 121 121 178 1008
389 12 98 121 121 178
390 12 98 121 121 178
391 12 98 121 121 178
392 12 98 121 121 178 932
393 12 98 121 121
394 12 98 121 121 178
395 12 98 121 121 178
396 12 98 121 121 178
397 12 98 121 121 178
398 12 98 121 121 178
399 12 98 121 121 178 1008 523
400 12 98 121 121 178
401 12 98 121 121 178
402 12 98 121 121 178
403 12 98 121 121 178
404 12 98 121 121 178
405 12 98 121 121 178
406 12 98 121 121 178
407 12 98 121 121 178
408 12 98 121 121 178
409 12 98 121 121 178
410 12 98 121 121 178
411 12 98 121 121 178
412 12 98 121 121 178 932
413 12 98 121 121 178
414 12 98 121 121 178
415 12 98 121 121 178
416 12 98 121 121 178
417 12 98 121 121 178
418 12 98 121 121 178
419 12 98 121 121 178
420 12 98 121 121 178 932
421 12 98 121 121 178
422 12 98 121 121 178 360 117 117 117 984
423 12 98 121 121 178
424 12 98 121 121 178
425 12 98 121 121 178
426 12 98 121 121 178
427 12 98 121 121 178
428 12 98 121 121 178
429 12 98 121 121 178
430 12 98 121 121 178
431 12 98 121 121 178
432 12 98 121 121 178
433 12 98 121 121 178
434 12 98 121 121 178
435 12 98 121 121 178
436 12 98 121 121 178
437 12 98 121 121 178
438 12 98 121 121 178
439 104 104 12 98 121 121 178
440 12 98 121 121 178 923
441 12 98 121 121 178
442 12 98 121 121 178
443 12 98 121 121 178 897
444 12 98 121 121 178
445 12 98 121 121 178
446 12 98 121 121 178
447 12 98 121 121 178
448 12 98 121 121 178
449 12 98 121 121 178
450 12 98 121 121 178
451 12 98 121 121 178
452 12 98 121 121 178
453 12 98 121 121 178
454 12 98 121 121 178
455 222 12 98 121 121 178
456 12 98 121 121 178
457 12 98 121 121 178
458 12 98 121 121 178
459 12 98 121 121 178
460 12 98 121 121 178
461 12 98 121 121 178
462 12 98 121 121 178
463 12 98 121 121 178
464 12 98 121 121 178 923
465 12 98 121 121 178 897
466 12 98 121 121 178
467 12 98 121 121 178
468 12 98 121 121 178 897
469 12 98 121 121 27 99
470 12 98 121 121 178
471 12 98 121 121 178
472 12 98 121 121 178
473 12 98 121 121 178
474 12 98 121 121 178
475 12 98 121 121 178
476 12 98 121 121 178
477 12 98 121 121 178 1021
478 12 98 121 121 178
479 12 98 121 121 178
480 12 98 121 121 178
481 12 98 121 121 178
482 12 98 121 121 178
483 12 98 121 121 178
484 12 98 121 121 178
485 12 98 121 121 178
486 12 98 121 121 178
487 12 98 121 121 178
488 12 98 121 121 178
489 12 98 121 121 178
490 12 98 121 121 178
491 12 98 121 121 178
492 12 98 121 121 178
493 12 98 121 121 178
494 12 98 121 121 178
495 12 98 121 121 178
496 12 98 121 121 178
497 12 98 121 121 178
498 12 98 121 121 178
499 12 98 121 121 178
500 12 98 121 121 178
501 12 98 121 121 178
502 12 98 121 121 178
503 12 98 121 121 178
504 12 98 121 121 178
505 12 98 121 121 178
506 12 98 121 121 178
507 12 98 121 121 178
508 12 98 121 121 178
509 12 98 121 121 178
510 12 98 121 121 178
511 12 98 121 121 178
512 12 98 121 121 178
513 12 98 121 121 178
514 12 98 121 121 178
515 12 98 121 121 178 897
516 12 121 121 178 308
517 12 121 121 178 897
518 12 121 121 121 121 178
519 12 121 121 121 121 178
520 12 121 121 121 121 178
521 12 121 121 121 121 178
522 12 121 121 178
523 12 121 121 178 853
524 14 347 268 123 123 701 538 799
525 15 34 65 314 180
526 91 88 89 90 15 56 246
527 17 280 25 30 29 961 220
528 18 176 768 648 281
529 901 79 65 314 18 389
530 49 18 123 123 701
531 277 18 289 278 326 173
532 221 19 273 538 686
533 19 116 116 252 651
534 20 261 608 1184 1183 1186 1188 713
535 20 556 306 633 634 695 1094 690 650 1157
536 845 21 133 133 654
537 21 87 557 1051
538 49 22 305 538 115 115
539 23 101 123 123 701
540 24 43 89 147 146 322
541 364 706 25 799 799 115 115 538
542 619 25 474 1138 1130 250 1219
543 521 1005 1143 25 956 804 759 1009
544 61 80 25 307
545 26 52 65 314 223
546 113 113 27 954 109
547 65 314 27 99 32 4 1152 940
548 28 267 282 320 1202
549 41 58 854 90 41 58 143 28 267 527
550 28 267 691 402
551 61 234 28 232 267 108 108
552 222 293 331 332 28 267 344 275 427 219 777 538
553 35 28 35 35 35 35 907 206 262
554 275 28 267 378 391 313
555 28 267 28 267 1027
556 28 28 267 267 179
557 28 267 231 840
558 31 134 134 168
559 945 32 32 933 583 32
560 65 314 350 612 32 832
561 585 715 665 32 821
562 127 127 33 243 726
563 852 538 538 538 357 180 33
564 136 136 33 383 180
565 33 180 321 538 174 708 561
566 496 568 665 36 290 1163
567 65 314 347 37 166 799 538 538 115 115
568 39 123 123 322 701
569 140 140 39 878 149 81 85 172 217 197 183 214
570 41 58 98 121 121
571 41 58 98 121 121
572 41 58 98 121 121
573 41 58 98 121 121
574 41 58 98 121 121
575 41 58 98 121 121
576 41 58 98 121 121
577 41 58 98 121 121
578 41 58 98 121 121
579 782 41 58 98 121 121
580 41 58 98 121 121
581 41 58 98 121 121
582 41 58 98 121 121
583 41 58 98 121 121
584 41 58 98 121 121
585 41 58 98 121 121 1078
586 41 58 98 121 121 949
587 41 58 98 121 121
588 41 58 98 121 121 980
589 41 58 98 121 121
590 41 58 98 121 121
591 228 41 58 98 121 121 980
592 41 58 98 121 121
593 41 58 98 121 121
594 41 58 98 121 121
595 41 58 98 121 121
596 41 58 98 121 121
597 41 58 98 121 121
598 41 58 98 121 121
599 41 58 98 121 121
600 41 58 98 121 121
601 41 58 98 121 121
602 41 58 98 121 121
603 41 58 98 121 121
604 41 58 98 121 121
605 41 58 98 121 121
606 41 58 98 121 121
607 41 58 98 121 121
608 393 41 58 98 121 121
609 41 58 98 121 121
610 41 58 98 121 121
611 41 58 98 121 121 980
612 41 58 98 121 121
613 41 58 98 121 121 980
614 41 58 98 121 121
615 41 58 98 121 121
616 41 58 98 121 121
617 41 58 98 121 121
618 41 58 98 121 121
619 41 58 98 121 121
620 41 58 98 121 121
621 41 58 98 121 121 980
622 41 58 98 121 121
623 41 58 98 121 121 949
624 41 58 98 121 121
625 41 58 98 121 121
626 41 58 98 121 121
627 41 58 98 121 121
628 41 58 98 121 121 949
629 41 58 98 121 121
630 41 58 98 121 121
631 41 41 58 58 98 98 121 121 121 121
632 41 58 98 121 121
633 41 58 110 110 153
634 41 58 98 121 121
635 41 58 98 121 121
636 41 58 98 121 121
637 41 58 98 121 121
638 41 58 98 121 121
639 41 58 98 121 121
640 41 58 98 121 121
641 41 58 98 121 121
642 41 58 98 121 121
643 41 58 98 121 121
644 41 58 98 121 121
645 41 58 98 121 121
646 41 58 98 121 121
647 41 58 98 121 121
648 41 58 98 121 121
649 41 58 98 121 121
650 41 58 98 121 121
651 41 58 98 121 121
652 41 58 98 121 121
653 41 58 98 121 121
654 41 58 98 121 121 980
655 41 58 98 121 121 980
656 41 58 98 121 121
657 41 58 98 121 121
658 41 58 98 121 121 949
659 41 58 98 121 121 972
660 41 58 98 121 121
661 41 58 98 121 121 949
662 41 58 98 121 121
663 41 58 98 121 121
664 41 58 98 121 121
665 41 58 98 121 121
666 41 58 98 121 121
667 41 58 98 121 121
668 41 58 98 121 121
669 41 58 98 121 121
670 41 58 98 121 121
671 41 58 98 121 121
672 41 58 98 121 121
673 41 58 98 121 121
674 41 58 98 121 121
675 41 58 98 121 121
676 41 58 98 121 121
677 41 58 98 121 121
678 41 58 98 121 121
679 41 58 98 121 121
680 41 58 98 121 121
681 41 58 98 121 121
682 41 58 98 121 121
683 41 58 98 121 121
684 41 58 98 121 121
685 41 58 98 121 121
686 41 58 98 121 121
687 41 58 98 121 121
688 41 58 98 121 121 972
689 41 58 98 121 121
690 41 42 58 98 121 121
691 41 58 98 121 121
692 41 58 98 121 121 386 595 930 1249
693 41 58 98 121 121 949
694 41 58 98 121 121
695 41 58 98 121 121
696 41 58 98 121 121
697 41 58 98 121 121
698 41 58 98 121 121
699 41 58 98 121 121 524
700 439 41 58 98 121 121
701 41 58 98 121 121
702 41 58 98 121 121
703 41 58 98 121 121
704 41 58 98 121 121 980
705 41 58 98 121 121
706 41 58 98 121 121
707 41 58 98 121 121 987
708 41 58 98 121 121
709 41 58 98 121 121
710 41 58 98 121 121
711 41 58 98 121 121
712 41 58 98 121 121
713 41 58 98 121 121
714 41 58 98 121 121
715 41 58 98 121 121
716 41 58 98 121 121
717 41 58 98 121 121
718 41 58 98 121 121
719 41 58 98 121 121
720 41 58 98 121 121
721 41 58 98 121 121
722 41 58 98 121 121
723 41 58 98 121 121
724 41 58 98 121 121
725 41 58 98 121 121
726 41 58 98 121 121
727 41 58 98 121 121
728 41 58 98 121 121
729 41 58 98 121 121
730 41 58 98 121 121
731 41 58 98 121 121 929
732 41 58 98 121 121
733 41 58 98 121 121
734 41 58 98 121 121 929
735 41 58 98 121 121
736 41 58 98 121 121 949
737 41 58 98 121 121
738 41 58 98 121 121
739 41 58 98 121 121
740 41 58 98 121 121
741 41 58 98 121 121
742 41 58 98 121 121
743 41 58 98 121 121
744 41 58 98 121 121 972
745 41 58 98 121 121
746 41 58 98 121 121 972
747 41 58 98 121 121
748 41 58 98 121 121
749 41 58 98 121 121
750 41 58 98 121 121
751 41 58 98 121 121
752 41 58 98 121 121
753 41 58 98 121 121
754 41 58 98 121 121
755 41 58 98 121 121
756 41 58 98 121 121
757 41 58 98 121 121
758 41 58 98 121 121
759 41 58 98 121 121 972
760 41 58 98 121 121
761 41 58 98 121 121
762 41 58 98 121 121
763 41 58 98 121 121
764 41 58 98 121 121
765 41 58 98 121 121
766 41 58 98 121 121
767 41 58 98 121 121
768 41 58 98 121 121
769 41 58 98 121 121
770 41 58 98 121 121
771 41 58 98 121 121
772 41 58 98 121 121 972
773 41 58 98 121 121
774 41 58 98 121 121
775 41 58 98 121 121
776 41 58 98 121 121
777 41 58 98 121 121
778 41 58 98 121 121
779 41 58 98 121 121
780 41 58 98 121 121
781 41 58 98 121 121
782 41 58 98 121 121
783 41 58 98 121 121
784 41 58 98 121 121
785 41 58 98 121 121 972
786 41 58 98 121 121
787 41 58 98 121 121 949
788 41 58 98 121 121
789 41 58 98 121 121
790 41 58 98 121 121
791 41 58 98 121 121
792 41 58 98 121 121 972
793 41 58 98 121 121
794 41 58 98 121 121
795 41 58 98 121 121
796 41 58 98 121 121
797 41 58 98 121 121
798 41 58 98 121 121 972
799 41 58 98 121 121
800 41 58 98 121 121
801 41 58 98 121 121
802 41 58 98 121 121
803 41 58 98 121 121
804 41 58 98 121 121
805 41 58 98 121 121
806 41 58 98 121 121
807 41 58 98 121 121 752
808 41 58 98 121 121
809 41 58 98 121 121 41 58 98 121 121 163
810 41 58 98 121 121
811 854 856 41 58 98 121 121 286
812 41 58 98 121 121 98
813 41 58 98 121 121
814 41 58 98 121 121
815 41 58 98 121 121
816 41 58 98 121 121
817 41 58 98 121 121
818 41 58 98 121 121
819 41 58 98 121 121
820 41 58 98 121 121
821 41 58 98 121 121 929
822 41 58 98 121 121
823 41 58 98 121 121
824 41 58 98 121 121
825 41 58 98 121 121
826 41 58 98 121 121
827 41 58 98 121 121
828 41 58 98 121 121 262
829 41 58 98 121 121
830 41 58 98 121 121
831 41 58 98 121 121 998
832 41 58 98 121 121
833 867 41 58 98 121 121
834 41 58 98 121 121
835 41 58 98 121 121
836 41 58 98 121 121
837 41 58 98 121 121
838 41 58 98 121 121
839 41 58 98 121 121
840 41 58 98 121 121 929
841 41 58 98 121 121
842 41 58 98 121 121
843 41 58 98 121 121
844 41 58 98 121 121
845 41 58 98 121 121
846 41 41 58 58 98 98 121 121 121 121
847 41 58 98 121 121
848 41 58 98 121 121
849 41 58 98 121 121
850 41 58 98 121 121
851 41 58 98 121 121 929
852 41 58 98 121 121
853 41 58 98 121 121
854 41 58 98 121 121
855 41 58 98 121 121
856 41 58 98 121 121
857 41 58 98 121 121
858 41 58 98 121 121
859 41 58 98 121 121 41 58 98 121 121
860 41 58 98 121 121
861 41 58 98 121 121 615
862 41 58 98 121 121
863 41 58 98 121 121 92
864 41 58 98 121 121
865 41 58 98 121 121
866 41 58 98 121 121
867 41 58 98 121 121
868 41 58 98 121 121
869 41 58 98 121 121
870 41 58 98 121 121
871 41 58 98 121 121
872 41 58 98 121 121
873 41 58 98 121 121
874 41 58 98 121 121
875 41 58 98 121 121
876 41 58 98 121 121
877 41 58 98 121 121
878 41 58 98 121 121
879 41 58 98 121 121
880 41 58 98 121 121
881 41 58 98 121 121
882 41 58 98 121 121
883 41 58 98 121 121
884 41 58 98 121 121 162
885 41 58 98 121 121
886 41 58 98 121 121
887 41 58 98 121 121
888 41 58 98 121 121
889 41 58 98 121 121
890 41 58 98 121 121
891 41 58 98 121 121
892 41 58 98 121 121
893 41 58 98 121 121
894 41 58 98 121 121 1010
895 41 58 98 121 121
896 41 58 98 121 121
897 41 58 98 121 121
898 41 58 98 121 121
899 41 58 98 121 121
900 41 58 98 121 121
901 41 58 98 121 121
902 41 58 98 121 121
903 41 58 98 121 121
904 41 58 98 121 121
905 41 58 98 121 121
906 41 58 98 121 121
907 41 58 98 121 121
908 41 58 98 121 121
909 41 58 98 121 121
910 41 58 98 121 121
911 41 58 98 121 121
912 41 58 98 121 121
913 41 58 98 121 121
914 218 41 58 98 121 121 41 58 98 121 121 204 925
915 41 58 98 121 121
916 41 58 98 121 121
917 41 58 98 121 121
918 41 58 98 121 121
919 41 58 98 121 121
920 41 58 98 121 121
921 41 58 98 121 121
922 41 58 98 121 121
923 41 58 98 121 121
924 41 58 98 121 121
925 41 58 98 121 121
926 41 58 98 121 121
927 41 58 98 121 121
928 41 58 98 121 121
929 41 58 121 121 121 121
930 41 58 121 121 121 121
931 41 58 121 121 121 121
932 41 58 121 121 121 121
933 41 58 121 121 121 121
934 41 58 121 121 121 121
935 41 58 121 121 121 121
936 41 58 121 121 121 121
937 41 58 121 121 121 121
938 41 58 121 121 121 121 737
939 41 58 121 121 121 121
940 41 58 121 128 121 128
941 41 58 121 121 200
942 41 58 121 121 894
943 41 58 121 121 291
944 41 58 121 121 108 108
945 41 58 121 121 121 121
946 41 58 121 121 121 121
947 41 58 121 121 121 121
948 41 58 121 121 850 866
949 225 205 42 1245 174 708
950 42 65 314 538 220
951 43 136 136 143 189 157 741 538
952 44 955 711
953 45 316 316 1000 316
954 132 132 46 538 194
955 993 47 983
956 61 174 382 708 48
957 48 48 567 824 1092
958 49 344 538 115 115
959 49 276 538 174 708
960 49 652 337 174 708
961 49 215 215 276 293
962 1100 51 1063 50 922 262 237
963 53 305 632 774
964 53 123 123 701 652
965 53 165 165 160 82 338 367 412 538 538
966 56 344 347 412 495 433 799 538 538 115 115 538
967 95 57 147 123 123 701
968 57 147 171 293 538 115
969 58 98 121 121 41
970 60 106 106 849 941
971 538 538 538 538 538 538 60
972 328 61 26 970 404
973 61 1195 109 109 531
974 269 488 127 127 951 163 1117 208 84 353 62 857
975 62 419 559 1247 779
976 150 63 262 1153
977 698 1214 976 65 314
978 123 123 701 65 314
979 65 314 555 138 218
980 219 114 114 65 314
981 123 123 701 65 314
982 65 314 538 538 115 115
983 65 314 429 114 114
984 65 314 123 123 701
985 123 123 701 65 314
986 65 314 137 137 216
987 65 314 71 538 538 538
988 173 65 314 70 609 108 108 208
989 65 314 357 295 295 438
990 65 314 123 123 701
991 186 881 65 314 169 483 299
992 230 65 224 314 985
993 65 314 174 708 115 115
994 65 314 652 446 479 538 115 115
995 96 97 192 65 314
996 65 314 210 338 338 331 914 490 538
997 65 314 164 115 115
998 101 65 314 115 115
999 65 314 82 338 908 199 452 293 644 1098 342 723
1000 65 314 115 115 538
1001 65 314 190 161 82 332 356 538 194
1002 66 721 737 417 694
1003 412 68 157 741 115 115
1004 68 538 115 115 174 538 708
1005 105 105 69 258
1006 912 538 538 538 538 72 71 538 538 375 542 538 597 538 223
1007 71 72 538 538 538 538 538 538 538 538 538 538 538
1008 538 538 847 71 538
1009 280 73 82 338 347 115 115 174 708
1010 74 317 122 122 260
1011 75 102 102 102 102
1012 141 289 103 103 75 723 639 799 799 538
1013 275 75 292 872 404 889 982 799
1014 75 75 75 201 347 799
1015 136 136 77 204 202
1016 78 587 372 329 632
1017 79 1045
1018 222 939 1026 1039 229 470 248 1038 558 318 520 355 201 517 968 1208 311 80
1019 82 412 452 157 741 154 115 115
1020 82 115 115 538 538 538
1021 82 338 338 652 293
1022 82 300 347 412 658 221 154 799 115 115
1023 171 338 338 82 538 538
1024 338 652 82 263 293 157 741 154 220
1025 82 338 412 433 538
1026 90 82 173 293 657 538 262
1027 82 660 538 115 115
1028 652 82 412 115 115
1029 82 338 344 371 1048 174 708 538
1030 965 345 336 685 211 1032 746 1124 83 108 108 1086 1122 957 1034 449 868
1031 512 84 570 531 910
1032 86 863 874 1035 879
1033 649 86 1035 863 880 883 1002
1034 538 538 538 87 862 890 400 672
1035 141 139 135 135 87
1036 101 91 89 479 107 107 194 174 708 538
1037 90 136 136 276 293 538
1038 90 101 174 538 708
1039 94 753 236 797 958
1040 98 121 121 178 12
1041 98 121 121 178 12
1042 98 121 121 178 12
1043 98 121 121 41 58
1044 98 121 121 178 12
1045 98 121 121 178 12
1046 98 121 121 178 12
1047 98 121 121 41 58
1048 98 121 121 41 58
1049 98 121 121 41 58
1050 98 121 121 41 58
1051 98 121 121 41 58
1052 98 121 121 41 58
1053 886 116 116 98 121 121
1054 707 98 121 121
1055 98 121 121 719 1070
1056 628 98 121 121
1057 98 121 121
1058 977 98 121 121
1059 98 121 121 178
1060 101 136 136 333 538
1061 101 136 136 115 115
1062 556 1093 103 103
1063 354 173 103 103 237 538
1064 103 103 548 353 1144
1065 538 103 103 1131 174 708
1066 288 103 103 799 538 174 708 799
1067 652 331 495 103 103
1068 338 411 103 103 371 174 708 538
1069 159 103 103 115 115
1070 239 103 103 221 723
1071 105 105 421 871 301 354
1072 364 169 107 107 622 592
1073 310 472 772 108 108
1074 825 108 108 668 1210 655 394
1075 108 108 677 453 364
1076 800 109 109 338 799 538
1077 736 111 111 795 1233
1078 304 467 999 924 112 112
1079 113 113 374 195 767 1109
1080 113 113 129 129 296
1081 310 538 115 115 174 708
1082 276 371 538 115 115
1083 538 115 115
1084 412 538 115 115 538
1085 652 548 221 115 115
1086 1040 433 174 708 115 115 538
1087 347 412 433 115 115
1088 538 538 115 115 538
1089 877 262 311 538 538 115 115
1090 490 221 115 115 538
1091 891 309 538 115 115 161
1092 325 174 708 115 115
1093 174 538 538 708 115 115
1094 337 115 115 174 708
1095 221 538 115 115 307
1096 175 582 959 115 115 538
1097 851 433 157 741 538 174 708 115 115
1098 466 548 538 115 115 799
1099 297 1073 176 806 154 538 115 115 799
1100 344 538 538 174 708 115 115 538
1101 305 221 115 115 799
1102 157 741 538 115 115
1103 538 538 115 115 538
1104 347 115 115 708 174
1105 873 332 331 412 157 741 115 115
1106 337 420 514 440 538 174 708 115 115
1107 115 115 174 708 538
1108 844 155 789 115 115
1109 136 136 538 538 115 115
1110 157 741 538 115 115
1111 490 174 538 708 115 115 220
1112 160 322 433 339 154 538 115 115
1113 799 174 708 115 115
1114 143 297 1111 599 623 607 538 115 115
1115 631 115 115 174 708
1116 799 115 115 538 561
1117 620 154 538 538 115 115
1118 799 115 115 174 708
1119 174 538 708 115 115 538
1120 799 538 538 115 115 799
1121 538 115 115 174 708
1122 538 115 115 174 708 538
1123 347 115 115 174 708
1124 280 280 280 280 280 280 280 280 280 538 115 115
1125 538 115 115 174 708 799
1126 885 344 420 441 657 538 115 115
1127 338 652 538 115 115
1128 116 116 663 249 310
1129 118 118 134 134 168
1130 876 310 118 118 206
1131 120 120 120 120
1132 432 120 120 638
1133 120 120 734 760 1041
1134 161 216 649 120 120 176 120 120 567 359 199 237 553 425
1135 121 121 178 12 98
1136 121 121 178 12 98
1137 121 121 178 12 98
1138 123 123 701 208 765
1139 538 538 123 123 701
1140 123 123 701 123 123 701
1141 123 123 701 498 137
1142 123 123 701 652 123 123 701
1143 123 123 180 701 180
1144 701 123 123 701 153 278
1145 180 123 123 701 701
1146 123 123 123 123 701 701
1147 571 124 124 1102
1148 444 1077 124 124 464
1149 126 126 125 125
1150 126 126 259 264 296
1151 158 276 277 126 126
1152 128 128 349
1153 136 136 364 237 303 505
1154 142 235 334 839 538 538 538 538 538
1155 147 143 942 344 538
1156 911 494 148 170 387
1157 319 151 732 612 756
1158 333 723 154 194 538
1159 156 367 369 561 898
1160 433 157 741 538 538
1161 157 741 194 174 708
1162 157 741 538 174 708 538 220
1163 143 159 189 288 157 741
1164 161 161 161 158
1165 161 341 538 1082 538
1166 541 961 166 651 390
1167 521 167 342 802
1168 209 167 342
1169 643 757 170 674 1112
1170 892 279 243 170 675
1171 173 294 337 546
1172 184 538 538 174 708
1173 408 538 738 174 708 538
1174 203 379 538 174 708
1175 652 433 602 538 174 708
1176 1096 538 567 330 174 708 538 538 538
1177 538 538 174 708 538
1178 495 799 538 174 708 194
1179 538 174 708 538 538 538
1180 621 194 538 538 174 708
1181 634 627 637 175 950
1182 313 1024 590 177 684
1183 178 41 58 98 98 121 121
1184 1099 719 769 920 181 262
1185 182 355 531 1107 1145
1186 185 860 188 394
1187 186 340 543 545 740 764
1188 588 187 1129
1189 191 665 1159 529 458 459
1190 297 331 488 538 194
1191 218 490 221 723 194 538
1192 371 240 799 538 194
1193 347 293 799 538 194
1194 331 412 473 528 657 1129 799 194 538 799
1195 591 671 750 538 194
1196 344 347 412 293 538 194 799
1197 247 1014 194 538 538
1198 196 370 452 519 661
1199 539 745 888 198
1200 199 710 734 748 462 783 1236 825 1215
1201 675 709 577 202 751 776
1202 213 264 747 598 232
1203 421 544 546 625 223 472 798 822 796
1204 256 409 1035 226 913
1205 673 232 693 1221
1206 274 1118 921 233
1207 270 236
1208 343 499 818 236
1209 403 1115 237 361 835
1210 362 452 271 238 676 245 513
1211 241 242 243 244 271
1212 241 244 271
1213 617 637 436 619 247
1214 250 753 1068 1158 1235
1215 407 484 251 519
1216 252 465 1072
1217 382 253 437
1218 254 966 630 285
1219 255 626 562 1119 814
1220 368 257 936 534 865 776
1221 399 918 919 947 1031 258 964
1222 468 476 477 258 510 509
1223 342 610 258 670 1248
1224 258 573 599 679 702
1225 258 641 428 1246 382
1226 260 422 442 727 693
1227 371 495 263 418 1218 1001
1228 266 452 806 827 1220
1229 284 272 52 485
1230 713 274 434
1231 279 1067 1069 513
1232 280 280 882 822
1233 283 329 397 833
1234 285 315 531 1095 1231
1235 287 884 990 1049 618
1236 288 578 799 538 538
1237 395 289 320 634 1199
1238 289 1037 989 994 689 637 690
1239 289 846 399 503 186
1240 1177 30 296 296 683 1076
1241 346 296 995
1242 302 335 761 1254 934
1243 329 306 687 665 576
1244 306
1245 568 794 307 996
1246 902 909 755 309 697
1247 502 329 366 600 653 312 538
1248 400 1022 962 1174 313 728 729 1201 1224
1249 685 715 717 315 585 670
1250 458 459 315 552 1012 476 677
1251 315 603 1106 673 1032 836 685
1252 337 316 667 399 413
1253 435 366 1217 329 829
1254 329 812 426 469 670 1234
1255 506 561 431 575 580 1066 540 337 1004
1256 338 344 347 538 538
1257 342 805
1258 705 346 386 532 810
1259 1023 436 619 766 348
1260 585 585 1029 349 830
1261 349 452
1262 572 351 624 731 722
1263 416 656 352
1264 595 613 1242 363 1125
1265 365 454 477 522 458
1266 366 978 443 469 815
1267 366 832 804
1268 372 436 973 637 1003
1269 373 974 855
1270 576 893 376 1126
1271 377 993 446 693 799 538
1272 578 377 446 488 629 538
1273 380 381 979
1274 1142 421 586 384
1275 547 518 386 1151 732 1128 801
1276 527 452 386 606 1113
1277 988 387 530 1180 501
1278 447 388 518 478 624 516 971 669 1046
1279 1147 646 1161 396 1054
1280 399
1281 399 413 947 963 1085
1282 400 51 477 781 687
1283 405 1071 1209 1212
1284 405 1121 1124 1209 1212
1285 406 423 997
1286 410 848
1287 412 1044 1042 494 504 975
1288 413 917 399 1079
1289 414 497 457 1108 705 790 1244
1290 448 434 415 569 1104 452 774
1291 560 625 710 424
1292 636 1091 486 1141 425 1172 618
1293 426 508 509
1294 427 452 538
1295 430 549 461 461 625
1296 435 1013 1015 1016 1019
1297 435 1017 1019 1084 1018 1083
1298 436 688
1299 577 712 440
1300 561 574 575 441 482 732
1301 511 443 456 1028 1060
1302 445 458 535
1303 447 533 640 1192 1193 1194 1240 1239 1237 1238 1241
1304 809 665 937 1150 450 451 526 552 822
1305 1213 899 451 665
1306 665 552 565 833 451
1307 452 696 625 1197 762 452
1308 1251 487 452 662
1309 552 664 781 455 642
1310 614 606 1132 460 793 778 734
1311 464 725
1312 493 1065 468
1313 476 1097 1020 576 687
1314 480 935 705
1315 504 481 1114
1316 488 720 773 952 787 786
1317 593 491
1318 515 492 531 1049 1140
1319 527 502 584 895 1036
1320 503 699 1133 705 1074 647
1321 514 710 777 1200 799 538
1322 594 561 515 778
1323 1154 525 562 579 742
1324 552 665 536 1146 1056 1156
1325 992 537 589 1101
1326 538 538 538 538 538 538
1327 538 1197 1222 786 794 682 1233
1328 538 538 538 538 538 538
1329 538 538 538 538 538 538 538 1137
1330 538 538 538 538 538
1331 858 859 538 538
1332 1053 1042 543 581 661
1333 773 1173 714 546 1155
1334 560 546 666 718 774
1335 564 594 679 550 645 794
1336 551 767 195 1064 1250
1337 552 948 440 605 751
1338 554 785 1245 834
1339 563 600 981 738
1340 735 1207 1227 566
1341 575 1215 700 775 823 838
1342 128 594 616 710 734
1343 624 594 625 1120 1113 734 774
1344 975 599 608 791
1345 601 617 1030 1089
1346 967 610 730 1087
1347 645 826 612 696
1348 616 648 1196 734 778 825 221
1349 633 754 619 1139 372
1350 634 1171 619 1162 1206 770 1167 678 692 1175
1351 619 700
1352 619 1093 627 695
1353 869 634 1136 1162
1354 637 1127 634 896
1355 809 635 750 703 704
1356 635 816 1252 831
1357 636 828 1185
1358 645 743 803 820 1160
1359 766 650 754 1055
1360 772 1198 659
1361 1110 1078 665 1062 1255 1156
1362 1253 1190 1243 670
1363 1165 680 1164 716 1179
1364 903 1090 808 681 813
1365 1232 819 703
1366 732 502 705 904 1223
1367 1043 1050 1033 733 1116
1368 1226 1227 1228 735 1207 749
1369 943 946 1203 739
1370 739 943 944 946 1203
1371 744 1006 482 1216 1230
1372 1052 916 991 758
1373 837 763 763 763
1374 812 1219 1148 766 678
1375 887 989 766 668
1376 771
1377 778 714 462 783
1378 784 784 784 784 784 784 784 784 784 784 784
1379 784 784 784 784 784 784 784 784 784 784
1380 792 1225
1381 792 1225
1382 811 1182 1184 1187 1189 713
1383 870 915 1229
1384 927 928
1385 963 1058
1386 1007
1387 1011
1388 1057
1389 1059 1192 1194
1390 1088
1391 1204 1211 1123
1392 1149
1393 1162 1166 1168 1169
1394 690 1205
1395 1237 1238 1239 1240 1241
