1 1 11 11 17 38
2 1 8 11 11 17
3 1 8 11 11 17
4 1 8 11 11 17
5 1 8 11 11 17
6 1 8 11 11 17
7 1 8 11 11 17
8 1 8 11 11 17
9 1 8 11 11 17
10 1 8 11 11 17
11 1 8 11 11 17
12 1 8 11 11 17
13 1 8 11 11 17
14 1 8 11 11 17 51
15 1 8 11 11 17
16 1 8 8 11 11 11 11 17 3 4
17 1 8 11 11 17
18 1 8 11 11 17
19 1 8 11 11 17
20 1 8 11 11 17
21 1 8 11 11 17
22 1 8 11 11 17
23 1 8 11 11 17
24 1 8 11 11 17
25 1 8 11 11 17
26 1 8 11 11 17
27 1 8 11 11 17
28 1 8 11 11 17
29 1 8 11 11 17
30 1 8 11 11 17
31 1 8 11 11 17 53
32 1 8 11 11 17
33 1 8 11 11 17
34 1 8 11 11 17
35 1 8 11 11 17
36 1 8 11 11 17
37 1 8 11 11 17
38 1 8 11 11 17
39 1 8 11 11 17 27
40 1 8 11 11 17
41 1 8 11 11 17
42 1 8 11 11 17
43 1 8 11 11 17
44 1 8 11 11 17
45 1 8 11 11 17
46 1 8 11 11 17
47 1 8 11 11 17 27
48 1 8 11 11 17
49 1 8 11 11 17 43
50 1 8 11 11 17
51 1 8 11 11 17
52 1 8 11 11 17
53 1 8 11 11 17
54 1 8 11 11 17 43
55 1 8 11 11 17
56 1 8 11 11 17
57 1 8 11 11 17
58 1 8 11 11 17
59 1 8 11 11 17
60 1 8 11 11 17
61 1 8 11 11 17
62 1 8 11 11 17 50
63 1 8 11 11 17
64 1 8 11 11 17
65 1 8 11 11 17 47
66 1 8 11 11 17
67 1 8 11 11 17 30
68 1 8 11 11 17
69 1 8 11 11 17 53
70 1 8 11 11 17 48
71 1 8 11 11 17
72 1 8 11 11 17
73 1 8 11 11 17 50
74 1 8 11 11 17 53
75 1 8 11 11 17
76 1 8 11 11 17
77 1 8 11 11 17
78 1 8 11 11 17 48
79 1 8 11 11 17
80 1 8 11 11 17 27
81 1 8 11 11 17
82 1 8 11 11 17
83 1 8 11 11 17
84 1 8 11 11 17 48
85 1 8 11 11 17
86 1 8 11 11 17
87 1 8 11 11 17 31
88 1 8 11 11 17
89 1 8 11 11 17
90 1 8 11 11 17
91 1 8 11 11 17
92 1 8 11 11 17 51
93 1 8 11 11 17
94 1 8 11 11 17
95 1 8 11 11 17
96 1 8 11 11 17
97 1 8 11 11 17
98 1 8 11 11 17
99 1 8 11 11 17 50
100 1 8 11 11 17
101 1 8 11 11 17
102 1 8 11 11 17
103 1 8 11 11 17 39
104 1 8 11 11 17
105 1 8 11 11 17 48
106 1 8 11 11 17
107 1 8 11 11 17
108 1 8 11 11 17
109 1 8 11 11 17
110 1 8 11 11 17 48
111 1 8 11 11 17
112 1 8 11 11 17
113 1 8 11 11 17
114 1 8 11 11 17 52
115 1 8 11 11 17
116 1 8 11 11 17
117 1 8 11 11 17
118 1 8 11 11 17
119 1 8 11 11 17
120 1 8 11 11 17
121 1 8 11 11 17
122 1 8 11 11 17
123 1 8 11 11 17
124 1 8 11 11 17 48
125 1 8 11 11 17
126 1 8 11 11 17
127 1 8 11 11 17 49
128 1 8 11 11 17 30
129 1 8 11 11 17 53
130 1 8 11 11 17
131 1 8 11 11 17 27
132 1 8 11 11 17
133 1 8 11 11 17
134 1 8 11 11 17
135 1 8 11 11 17
136 1 8 11 11 17
137 1 8 11 11 17 31 10 10
138 1 8 11 11 17
139 1 8 11 11 17
140 1 8 11 11 17
141 1 8 11 11 17
142 1 8 11 11 17
143 1 8 11 11 17
144 1 8 11 11 17 30
145 1 8 11 11 17 27
146 1 8 11 11 17
147 1 8 11 11 17 39
148 1 8 11 11 17
149 1 8 11 11 17 48
150 1 8 11 11 17 48
151 1 8 11 11 17 39
152 1 8 11 11 17 30
153 1 8 11 11 17 38
154 1 8 11 11 17 27
155 1 8 11 11 17 53
156 1 8 11 11 17
157 1 8 11 11 17
158 1 8 11 11 17
159 1 8 11 11 17
160 1 8 11 11 17
161 1 8 11 11 17
162 1 8 11 11 17 27
163 1 8 11 11 17
164 1 8 11 11 17 27
165 1 8 11 11 17 30
166 1 8 11 11 17
167 1 8 11 11 17
168 1 8 11 11 17
169 1 8 11 11 17
170 1 8 11 11 17
171 1 8 11 11 17 30
172 1 8 11 11 17 30
173 1 8 11 11 17 53
174 1 8 11 11 17
175 1 8 11 11 17 30
176 1 8 11 11 17 42
177 1 8 11 11 17
178 1 8 11 11 17
179 1 8 11 11 17
180 1 8 11 11 17
181 1 8 11 11 17 43
182 1 8 11 11 17 48
183 1 8 11 11 17
184 1 8 11 11 17 30
185 1 8 11 11 17 39
186 1 8 11 11 17
187 1 8 11 11 17
188 1 8 11 11 17
189 1 8 11 11 17
190 1 8 11 11 17 30
191 1 8 11 11 17
192 1 8 11 11 17
193 1 8 11 11 17
194 1 8 11 11 17
195 1 8 11 11 17
196 1 8 11 11 17
197 1 8 11 11 17
198 1 8 11 11 17
199 1 8 11 11 17 52
200 1 8 11 11 17 52
201 1 8 11 11 17 40
202 1 8 11 11 17 30
203 1 8 11 11 17 30
204 1 8 11 11 17 49
205 1 8 11 11 17
206 19 1 8 11 11 17
207 1 8 11 11 17 30
208 1 8 11 11 17
209 1 8 11 11 17
210 1 8 11 11 17 51
211 1 8 11 11 17
212 1 8 11 11 17
213 1 8 11 11 17
214 1 8 11 11 17
215 1 8 11 11 17
216 1 8 11 11 17
217 1 8 11 11 17
218 1 8 11 11 17
219 1 8 11 11 17
220 1 8 11 11 17
221 1 8 11 11 17
222 1 8 11 11 17 30
223 1 8 11 11 17 30
224 1 8 11 11 17
225 1 8 11 11 17 30
226 1 8 11 11 17 30
227 1 8 11 11 17 39
228 1 8 11 11 17 52
229 1 8 11 11 17 51
230 1 8 11 11 17
231 1 8 11 11 17
232 1 8 11 11 17
233 1 8 11 11 17
234 1 8 11 11 17 30
235 1 8 11 11 17
236 1 8 11 11 17 30
237 1 8 11 11 17
238 1 8 11 11 17
239 1 8 11 11 17
240 1 8 11 11 17 51
241 1 8 11 11 17
242 1 8 11 11 17 51
243 1 8 11 11 17
244 1 8 11 11 17
245 1 8 11 11
246 1 8 11 11 17
247 1 8 11 11 17 30
248 1 8 11 11 17
249 1 8 11 11 17
250 1 8 11 11 17
251 1 8 11 11 17
252 1 8 11 11 17
253 1 8 11 11 17 42
254 1 8 11 11 17
255 1 8 11 11 17 30
256 1 8 11 11 17
257 1 8 11 11 17
258 1 8 11 11 17 52
259 1 8 11 11 17 40
260 1 8 11 11 17
261 1 8 11 11 17
262 1 8 11 11 17
263 1 8 11 11 17
264 1 8 11 11 17 39
265 1 8 11 11 17
266 1 8 11 11 17
267 1 8 11 11 17
268 1 8 11 11 17
269 1 8 11 11 17
270 1 8 11 11 17
271 1 8 11 11 17 27
272 1 8 11 11 17
273 1 8 11 11 17
274 1 8 11 11 17 27
275 1 8 11 11 17
276 1 8 11 11 17
277 1 8 11 11 17 47
278 1 8 11 11 17 27
279 1 8 11 11 17
280 1 8 11 11 17
281 1 8 11 11 17
282 1 8 11 11 17
283 1 8 11 11 17 50
284 1 8 11 11 17
285 1 8 11 11 17
286 1 8 11 11 17 47
287 1 8 11 11 17
288 1 8 11 11 17
289 1 8 11 11 17
290 1 8 11 11 17
291 1 8 11 11 17 43
292 1 8 11 11 17
293 1 8 11 11 17
294 1 8 11 11 17
295 1 8 11 11 17
296 1 8 11 11 17 43
297 1 8 11 11 17
298 1 8 11 11 17
299 1 8 11 11 17 50
300 1 8 11 11 17
301 1 8 11 11 17
302 1 8 11 11 17
303 1 8 11 11 17
304 1 8 11 11 17
305 1 8 11 11 17
306 1 8 11 11 17
307 1 8 11 11 17
308 1 8 11 11 17
309 1 8 11 11 17 30
310 1 8 11 11 17
311 1 8 11 11 17
312 1 8 11 11 17
313 1 8 11 11 17
314 1 8 11 11 17
315 1 8 11 11 17 40
316 1 8 11 11 17 47
317 1 8 11 11 17
318 1 8 11 11 17
319 1 8 11 11 17
320 1 8 11 11 17
321 1 8 11 11 17 48
322 1 8 11 11 17
323 1 8 11 11 17
324 1 8 11 11 17
325 1 8 11 11 17
326 1 8 11 11 17
327 1 8 11 11 17 27
328 1 8 11 11 17
329 1 8 11 11 17
330 1 8 11 11 17
331 1 8 11 11 17
332 1 8 11 11 17
333 1 8 11 11 17 47
334 1 8 11 11 17
335 1 8 11 11 17
336 1 8 11 11 17
337 1 8 11 11 17 49
338 1 8 11 11 17
339 1 8 11 11 17 49
340 1 8 11 11 17
341 1 8 11 11 17
342 1 8 11 11 17
343 1 8 11 11 17 49
344 1 8 11 11 17
345 1 8 11 11 17
346 1 8 11 11 17 42
347 1 8 11 11 17
348 1 8 11 11 17
349 1 8 11 11 17 47
350 1 8 11 11 17
351 1 8 11 11 17
352 1 8 11 11 17
353 1 8 11 11 17 42
354 1 8 11 11 17
355 1 8 11 11 17
356 1 8 11 11 17
357 1 8 11 11 17
358 1 8 11 11 17
359 1 8 11 11 17 47
360 1 8 11 11 17
361 1 8 11 11 17
362 1 8 11 11 17
363 1 8 11 11 17
364 1 8 11 11 17
365 1 8 11 11 17
366 1 8 11 11 17
367 1 8 11 11 17
368 1 8 11 11 17
369 1 8 11 11 17
370 1 8 11 11 17
371 1 8 11 11 17
372 1 8 11 11 17 42
373 1 8 11 11 17
374 1 8 11 11 17
375 1 8 11 11 17
376 1 8 11 11 17
377 1 8 11 11 17
378 1 8 11 11 17
379 1 8 11 11 17
380 1 8 11 11 17 42
381 1 8 11 11 17
382 1 8 11 11 17
383 1 8 11 11 17
384 1 8 11 11 17
385 1 8 11 11 17
386 1 8 11 11 17
387 1 8 11 11 17
388 1 8 11 11 17
389 1 8 11 11 17
390 1 8 11 11 17
391 1 8 11 11 17
392 1 8 11 11 17
393 1 8 11 11 17
394 1 8 11 11 17
395 1 8 11 11 17
396 1 8 11 11 17
397 1 8 11 11 17
398 1 8 11 11 17
399 1 8 11 11 17
400 1 8 11 11 17 40
401 1 8 11 11 17
402 1 8 11 11 17
403 1 8 11 11 17 38
404 1 8 11 11 17
405 1 8 11 11 17
406 1 8 11 11 17
407 1 8 11 11 17
408 1 8 11 11 17
409 1 8 11 11 17
410 1 8 11 11 17
411 1 8 11 11 17
412 1 8 11 11 17
413 1 8 11 11 17
414 1 8 11 11 17
415 1 8 11 11 17
416 1 8 11 11 17
417 1 8 11 11 17
418 1 8 11 11 17
419 1 8 11 11 17
420 1 8 11 11 17
421 1 8 11 11 17
422 1 8 11 11 17
423 1 8 11 11 17
424 1 8 11 11 17 40
425 1 8 11 11 17 38
426 1 8 11 11 17
427 1 8 11 11 17
428 1 8 11 11 17 38
429 1 8 11 11 17
430 1 8 11 11 17
431 1 8 11 11 17
432 1 8 11 11 17
433 1 8 11 11 17
434 1 8 11 11 17
435 1 8 11 11 17
436 1 8 11 11 17
437 1 8 11 11 17
438 1 8 11 11 17
439 1 8 11 11 17
440 1 8 11 11 17
441 1 8 11 11 17
442 1 8 11 11 17
443 1 8 11 11 17
444 1 8 11 11 17
445 1 8 11 11 17
446 1 8 11 11 17
447 1 8 11 11 17
448 1 8 11 11 17
449 1 8 11 11 17
450 1 8 11 11 17
451 1 8 11 11 17
452 1 8 11 11 17
453 1 8 11 11 17
454 1 8 11 11 17
455 1 8 11 11 17
456 1 8 11 11 17
457 1 8 11 11 17
458 1 8 11 11 17
459 1 8 11 11 17
460 1 8 11 11 17
461 1 8 11 11 17
462 1 8 11 11 17
463 1 8 11 11 17
464 1 8 11 11 17
465 1 8 11 11 17
466 1 8 11 11 17
467 1 8 11 11 17
468 1 8 11 11 17
469 1 8 11 11 17
470 1 8 11 11 17
471 1 8 11 11 17
472 1 8 11 11 17
473 1 8 11 11 17
474 1 8 11 11 17 38
475 1 11 11 17 38
476 1 11 11 11 11 17
477 1 11 11 11 11 17
478 1 11 11 11 11 17
479 1 11 11 11 11 17
480 2
481 2 2 2 2 2 19
482 3 4 8 11 11
483 3 4 8 11 11
484 3 4 8 11 11
485 3 4 8 11 11
486 3 4 8 11 11
487 3 4 8 11 11
488 3 4 8 11 11
489 3 4 8 11 11
490 3 4 8 11 11
491 3 4 8 11 11
492 3 4 8 11 11
493 3 4 8 11 11
494 3 4 8 11 11
495 3 4 8 11 11
496 3 4 8 11 11
497 3 4 8 11 11
498 3 4 8 11 11 44
499 3 4 8 11 11
500 3 4 8 11 11 46
501 3 4 8 11 11
502 3 4 8 11 11
503 3 4 8 11 11 46
504 3 4 8 11 11
505 3 4 8 11 11
506 3 4 8 11 11
507 3 4 8 11 11
508 3 4 8 11 11
509 3 4 8 11 11
510 3 4 8 11 11
511 3 4 8 11 11
512 3 4 8 11 11
513 3 4 8 11 11
514 3 4 8 11 11
515 3 4 8 11 11
516 3 4 8 11 11
517 3 4 8 11 11
518 3 4 8 11 11
519 3 4 8 11 11
520 3 4 8 11 11
521 3 4 8 11 11
522 3 4 8 11 11
523 3 4 8 11 11 46
524 3 4 8 11 11
525 3 4 8 11 11 46
526 3 4 8 11 11
527 3 4 8 11 11
528 3 4 8 11 11
529 3 4 8 11 11
530 3 4 8 11 11
531 3 4 8 11 11
532 3 4 8 11 11
533 3 4 8 11 11 46
534 3 4 8 11 11
535 3 4 8 11 11 44
536 3 4 8 11 11
537 3 4 8 11 11
538 3 4 8 11 11
539 3 4 8 11 11
540 3 4 8 11 11 44
541 3 4 8 11 11
542 3 4 8 11 11
543 3 3 4 4 8 8 11 11 11 11
544 3 4 8 11 11
545 3 4
546 3 4 8 11 11
547 3 4 8 11 11
548 3 4 8 11 11
549 3 4 8 11 11
550 3 4 8 11 11
551 3 4 8 11 11
552 3 4 8 11 11
553 3 4 8 11 11
554 3 4 8 11 11
555 3 4 8 11 11
556 3 4 8 11 11
557 3 4 8 11 11
558 3 4 8 11 11
559 3 4 8 11 11
560 3 4 8 11 11
561 3 4 8 11 11
562 3 4 8 11 11
563 3 4 8 11 11
564 3 4 8 11 11
565 3 4 8 11 11
566 3 4 8 11 11 46
567 3 4 8 11 11 46
568 3 4 8 11 11
569 3 4 8 11 11
570 3 4 8 11 11 44
571 3 4 8 11 11 45
572 3 4 8 11 11
573 3 4 8 11 11 44
574 3 4 8 11 11
575 3 4 8 11 11
576 3 4 8 11 11
577 3 4 8 11 11
578 3 4 8 11 11
579 3 4 8 11 11
580 3 4 8 11 11
581 3 4 8 11 11
582 3 4 8 11 11
583 3 4 8 11 11
584 3 4 8 11 11
585 3 4 8 11 11
586 3 4 8 11 11
587 3 4 8 11 11
588 3 4 8 11 11
589 3 4 8 11 11
590 3 4 8 11 11
591 3 4 8 11 11
592 3 4 8 11 11
593 3 4 8 11 11
594 3 4 8 11 11
595 3 4 8 11 11
596 3 4 8 11 11
597 3 4 8 11 11
598 3 4 8 11 11
599 3 4 8 11 11
600 3 4 8 11 11 45
601 3 4 8 11 11
602 3 4 8 11 11
603 3 4 8 11 11
604 3 4 8 11 11
605 3 4 8 11 11 44
606 3 4 8 11 11
607 3 4 8 11 11
608 3 4 8 11 11
609 3 4 8 11 11
610 3 4 8 11 11
611 3 4 8 11 11
612 3 4 8 11 11
613 3 4 8 11 11
614 3 4 8 11 11
615 3 4 8 11 11
616 3 4 8 11 11 46
617 3 4 8 11 11
618 3 4 8 11 11
619 3 4 8 11 11
620 3 4 8 11 11
621 3 4 8 11 11
622 3 4 8 11 11
623 3 4 8 11 11
624 3 4 8 11 11
625 3 4 8 11 11
626 3 4 8 11 11
627 3 4 8 11 11
628 3 4 8 11 11
629 3 4 8 11 11
630 3 4 8 11 11
631 3 4 8 11 11
632 3 4 8 11 11
633 3 4 8 11 11
634 3 4 8 11 11
635 3 4 8 11 11
636 3 4 8 11 11
637 3 4 8 11 11
638 3 4 8 11 11
639 3 4 8 11 11
640 3 4 8 11 11
641 3 4 8 11 11
642 3 4 8 11 11
643 3 4 8 11 11 41
644 3 4 8 11 11
645 3 4 8 11 11
646 3 4 8 11 11 41
647 3 4 8 11 11
648 3 4 8 11 11 44
649 3 4 8 11 11
650 3 4 8 11 11
651 3 4 8 11 11
652 3 4 8 11 11
653 3 4 8 11 11
654 3 4 8 11 11
655 3 4 8 11 11
656 3 4 8 11 11 45
657 3 4 8 11 11
658 3 4 8 11 11 45
659 3 4 8 11 11
660 3 4 8 11 11
661 3 4 8 11 11
662 3 4 8 11 11
663 3 4 8 11 11
664 3 4 8 11 11
665 3 4 8 11 11
666 3 4 8 11 11
667 3 4 8 11 11
668 3 4 8 11 11
669 3 4 8 11 11
670 3 4 8 11 11
671 3 4 8 11 11 45
672 3 4 8 11 11
673 3 4 8 11 11
674 3 4 8 11 11
675 3 4 8 11 11
676 3 4 8 11 11
677 3 4 8 11 11
678 3 4 8 11 11
679 3 4 8 11 11
680 3 4 8 11 11
681 3 4 8 11 11
682 3 4 8 11 11
683 3 4 8 11 11
684 3 4 8 11 11 45
685 3 4 8 11 11
686 3 4 8 11 11
687 3 4 8 11 11
688 3 4 8 11 11
689 3 4 8 11 11
690 3 4 8 11 11
691 3 4 8 11 11
692 3 4 8 11 11
693 3 4 8 11 11
694 3 4 8 11 11
695 3 4 8 11 11
696 3 4 8 11 11
697 3 4 8 11 11 45
698 3 4 8 11 11
699 3 4 8 11 11 44
700 3 4 8 11 11
701 3 4 8 11 11
702 3 4 8 11 11
703 3 4 8 11 11
704 3 4 8 11 11 45
705 3 4 8 11 11
706 3 4 8 11 11
707 3 4 8 11 11
708 3 4 8 11 11
709 3 4 8 11 11
710 3 4 8 11 11 45
711 3 4 8 11 11
712 3 4 8 11 11
713 3 4 8 11 11
714 3 4 8 11 11
715 3 4 8 11 11
716 3 4 8 11 11
717 3 4 8 11 11
718 3 4 8 11 11
719 3 4 8 11 11
720 3 4 8 11 11
721 3 4 8 11 11 3 4 8 11 11
722 3 4 8 11 11
723 3 4 8 11 11
724 3 4 8 11 11 8
725 3 4 8 11 11
726 3 4 8 11 11
727 3 4 8 11 11
728 3 4 8 11 11
729 3 4 8 11 11
730 3 4 8 11 11
731 3 4 8 11 11
732 3 4 8 11 11
733 3 4 8 11 11 41
734 3 4 8 11 11
735 3 4 8 11 11
736 3 4 8 11 11
737 3 4 8 11 11
738 3 4 8 11 11
739 3 4 8 11 11
740 3 4 8 11 11 19
741 3 4 8 11 11
742 3 4 8 11 11
743 3 4 8 11 11
744 3 4 8 11 11
745 3 4 8 11 11
746 3 4 8 11 11
747 3 4 8 11 11
748 3 4 8 11 11
749 3 4 8 11 11
750 3 4 8 11 11
751 3 4 8 11 11
752 3 4 8 11 11 41
753 3 4 8 11 11
754 3 4 8 11 11
755 3 4 8 11 11
756 3 4 8 11 11
757 3 4 8 11 11
758 3 3 4 4 8 8 11 11 11 11
759 3 4 8 11 11
760 3 4 8 11 11
761 3 4 8 11 11
762 3 4 8 11 11
763 3 4 8 11 11 41
764 3 4 8 11 11
765 3 4 8 11 11
766 3 4 8 11 11
767 3 4 8 11 11
768 3 4 8 11 11
769 3 4 8 11 11
770 3 4 8 11 11
771 3 4 8 11 11 3 4 8 11 11
772 3 4 8 11 11
773 3 4 8 11 11
774 3 4 8 11 11
775 3 4 8 11 11
776 3 4 8 11 11
777 3 4 8 11 11
778 3 4 8 11 11
779 3 4 8 11 11
780 3 4 8 11 11
781 3 4 8 11 11
782 3 4 8 11 11
783 3 4 8 11 11
784 3 4 8 11 11
785 3 4 8 11 11
786 3 4 8 11 11
787 3 4 8 11 11
788 3 4 8 11 11
789 3 4 8 11 11
790 3 4 8 11 11
791 3 4 8 11 11
792 3 4 8 11 11
793 3 4 8 11 11
794 3 4 8 11 11
795 3 4 8 11 11
796 3 4 8 11 11
797 3 4 8 11 11
798 3 4 8 11 11
799 3 4 8 11 11
800 3 4 8 11 11
801 3 4 8 11 11
802 3 4 8 11 11
803 3 4 8 11 11
804 3 4 8 11 11
805 3 4 8 11 11
806 3 4 8 11 11
807 3 4 8 11 11
808 3 4 8 11 11
809 3 4 8 11 11
810 3 4 8 11 11
811 3 4 8 11 11
812 3 4 8 11 11
813 3 4 8 11 11
814 3 4 8 11 11
815 3 4 8 11 11
816 3 4 8 11 11
817 3 4 8 11 11
818 3 4 8 11 11
819 3 4 8 11 11
820 3 4 8 11 11
821 3 4 8 11 11
822 3 4 8 11 11
823 3 4 8 11 11
824 3 4 8 11 11
825 3 4 8 11 11
826 3 4 8 11 11 3 4 8 11 11
827 3 4 8 11 11
828 3 4 8 11 11
829 3 4 8 11 11
830 3 4 8 11 11
831 3 4 8 11 11
832 3 4 8 11 11
833 3 4 8 11 11
834 3 4 8 11 11
835 3 4 8 11 11
836 3 4 8 11 11
837 3 4 8 11 11
838 3 4 8 11 11
839 3 4 8 11 11
840 3 4 8 11 11
841 3 4 11 11 11 11
842 3 4 11 11 11 11
843 3 4 11 11 11 11
844 3 4 11 11 11 11
845 3 4 11 11 11 11
846 3 4 11 11 11 11
847 3 4 11 11 11 11
848 3 4 11 11 11 11
849 3 4 11 11 11 11
850 3 4 11 11 11 11
851 3 4 11 11 11 11
852 3 4 11 11
853 3 4 11 11
854 3 4 11 11 11 11
855 3 4 11 11 11 11
856 3 4 11 11 11 11
857 3 4 3 4
858 4 8 11 11 3
859 12 12 33 5 22
860 12 12 33 5 22
861 5 22 31 31 10 10
862 5 22 12 12 33
863 12 12 33 5 22
864 5 22 31 31 31
865 5 22 12 12 33
866 5 22 26 37 31 31 10 10
867 5 22 16 34 10 10
868 5 22 32 31 10 10
869 5 22 24 24 23 31
870 5 22 10 10
871 5 22 7 24 21
872 5 22 10 10 31
873 5 22 7 31 18
874 6
875 9 9 6 37 37 31
876 6 6 6 26 37
877 7 28 15 35 14 10 10
878 7 10 10 31 31 31
879 7 24 24 32 21
880 20 7 24 26 10 10 16 34
881 7 26 28 14 37 10 10
882 24 24 7 31 31
883 32 24 24 7 23 26 29 15 35 31 10 10
884 24 32 7 21 15 35 14
885 7 24 28 29 31
886 7 21 31 19
887 7 24 28 31 31
888 32 7 28 10 10
889 7 24 25 16 34 31
890 8 11 11 17 1
891 8 11 11 17 1
892 8 11 11 17 1
893 8 11 11 3 4
894 8 11 11 17 1
895 8 11 11 17 1
896 8 11 11 17 1
897 8 11 11 3 4
898 8 11 11 3 4
899 8 11 11 3 4
900 8 11 11 3 4
901 8 11 11 3 4
902 8 11 11 3 4
903 8 11 11
904 31 9 9 16 34
905 9 9 37 31 16 34 37
906 24 9 9 16 34 31
907 31 10 10 16 34
908 13 13 10 10
909 28 15 35 10 10
910 28 31 10 10 31
911 37 37 10 10 31
912 29 16 34 10 10 31
913 26 28 29 10 10
914 25 26 28 29 37 31 31 10 10 31
915 31 31 10 10 31
916 19 31 31 10 10
917 16 31 31 34 10 10
918 31 10 10 16 31 34
919 29 15 35 31 16 34 10 10
920 14 31 10 10 37
921 25 31 31 16 34 10 10 31
922 15 35 31 10 10
923 31 31 10 10 31
924 26 10 10 34 16
925 23 28 15 35 10 10
926 31 16 34 10 10
927 10 10 16 34 31
928 13 13 31 31 10 10
929 15 35 31 10 10
930 16 31 34 10 10
931 29 14 31 10 10
932 37 16 34 10 10
933 14 31 31 10 10
934 37 10 10 16 34
935 16 31 34 10 10 31
936 37 31 31 10 10 37
937 31 10 10 16 34
938 31 10 10 16 34 31
939 26 10 10 16 34
940 20 20 20 20 20 20 20 20 20 31 10 10
941 31 10 10 16 34 37
942 24 32 31 10 10
943 11 11 17 1 8
944 11 11 17 1 8
945 11 11 17 1 8
946 12 12 33
947 12 12 33
948 31 31 12 12 33
949 12 12 33 12 12 33
950 26 12 12 33 31 37
951 12 12 33 32 12 12 33
952 12 12 33
953 33 12 12 33
954 12 12 33
955 12 12 33
956 12 12 33 33
957 12 12 12 12 33 33
958 13 13 15 35 31
959 13 13 21 31
960 26 15 35 14 31 31 18 31
961 29 15 35 31 31
962 15 35 18 16 34
963 15 35 31 16 34 31
964 16 31 34
965 32 29 31 16 34
966 31 16 34 31 31 31
967 18 16 34 31
968 31 31 16 34 31
969 37 31 16 34 18
970 31 16 34 31 31 31
971 18 31 31 16 34
972 17 3 4 8 8 11 11
973 26 21 37 31 18
974 23 28 37 18 31 37
975 25 26 28 21 31 18 37
976 21 23 25 31
977 24 25 26 31 31
978 24 37 31
979 31 31 31 31 31 31
980 31 31 31 31 31
981 31 31 31 31 31 31 31 31
982 31 31 31 31 31 31
983 31 31 31 31 31 31
984 31 31 31 31 31 31 31
985 31 31 31 31 31
986 31 31 31 31 31 31 31 31 31 31 31
987 36 36 36 36 36 36 36 36 36 36 36
988 36 36 36 36 36 36 36 36 36 36
