1 1 2 3 4 5
2 6 7 8 9 10 4 11
3 4 12 13 14 15 16 17 18 19
4 20 21 22 23 4 24
5 4 25 26 27 28 29 30 31 32
6 33 34 35 4 36 37 38 39 40 41 42 43 44 45 46 47 48 49
7 50 51 52 53 54 55 4
8 56 57 58 4 59
9 60 61 62 22 63 64 65 66 67 68 69 70 71 72 73 74 75 76 77 78 79 80 81 82 83
10 84 85 86 83 87 59 88 89 90 91
11 92 93 94 83 95 96 97
12 15 98 99 100 101 83 102 103 28
13 104 105 106 107 83 108
14 83 109 110 111 112 113 114 115 116
15 117 118 119 83 120 121 122
16 123 124 83 125 126
17 127 128 83 129 130
18 131 83 132 133 134 135
19 136 137 83 138 139 140 141 142 143
20 144 145 146 147 148 149 150 151 152 153 154 155 156 157 158 159 160 161 162 163 164 165 166 167 168 33 169 170 171 172 173 174 175 176 177 178 179
21 180 181 165 6 182 183 184 185
22 165 186 187 188 189 190 191 143 192 193 194 195 196
23 197 198 199 200 201 202 203 204 205 206 156 165
24 207 208 209 165 210 211 212 141 213
25 214 215 216 217 218 219 220 221 222 223 224 225 226 227 228 229 230 231 232 233
26 234 235 203 236 237 214 238 239 240
27 241 242 243 214 244 245 246 247 248 249 250 251 252 253 46 254 255 256 257 258 27 259 260 261 262 263 264 265 266 267 268 269 270 271 272 273 274 275 276 277 278 279 90 280 281 282 283 284 285 286 287 288 289 290 291 292 293 294 295 39 296 297 298 299 300 301 302 303 304 305 306 307 308 309 310 311 24 312 313 314 13 315 235 316 317
28 318 319 320 321 322 323 214 324 325
29 326 327 328 329 330 331 214 332 333 227 334 335 336 337 338 339 340
30 341 342 343 344 345 346 347 348 214
31 349 350 351 352 166
32 353 354 355 161 356 357 319 358 158 359 360 361 362 363 364 365 366 367 95 368 369 370 371 372 373 374 375 376 377 378 379 380 381 382 383 384 385 386 387 388 389 390 391 392 393 394 395 396 397 398 399 400 401 402 349 403 322 318 404 238 405 162 180 406 407 408 409 410 411 412 413 414 415 416 417 418 419 420 421 422 423 350 424
33 425 349 426 427 428 429 430 431 419 432 433 434
34 349 435 436 437 438 355 439 440 356 441 85 442 443
35 444 445 446 447 448 449 349 450 451 452 453 454 455 456
36 457 458 459 460 461 462 463 464 465 466 467 468 469 470 471 472
37 460 473 474 475 476 42 477
38 478 460 479 480 481 482
39 483 484 485 460 486 487
40 98 488 489 490 491 39 492 493 494 460 495 496 10 497
41 498 499 500 460 501
42 460 502 503 504 505 506 341 507 508 509
43 510 511 512 513 514 515 516 517 80 460
44 518 519 520 521 522 460 523 524 525 526 527 528 529 530 531 532 533 534 535 343 536 537 538 539 540 541 542 543 544 545 546 547 548 549 550 272 491 551 552 553 554 555 556 557 558 559 560 561 562 563 564
45 565 566 460 567 568 569
46 460 570 571 572 573
47 574 460 575 576 577 578 579 580
48 581 582 583 460 584 585
49 586 587 588 460 589 581 590 591 592 593 594
50 595 48 596 597 598 599 460 600 601 602 603 604 605 606 607 608 272 609 610 611 477 612 613 70
51 614 615 616 617 618 619 620 460 315


